Distance,Elevations,Latitude,Longitude
0,-2763.22509765625,52.25775,-176.11098
88.32145039592262,-2755.743896484375,52.25695659491195,-176.11098
176.64290079184525,-2747.163818359375,52.25616318982389,-176.11098
264.9643511877679,-2736.838134765625,52.25536978473582,-176.11098
353.2858015836905,-2726.512451171875,52.25457637964775,-176.11098
441.6072519796131,-2716.186767578125,52.25378297455969,-176.11098
529.9287023755357,-2705.888427734375,52.25298956947164,-176.11098
618.2501527714584,-2695.59228515625,52.25219616438357,-176.11098
706.571603167381,-2685.296142578125,52.25140275929551,-176.11098
794.8930535633036,-2679.203369140625,52.25060935420744,-176.11098
883.2145039592262,-2677.989013671875,52.24981594911937,-176.11098
971.5359543551489,-2676.7744140625,52.24902254403131,-176.11098
1059.8574047510715,-2675.5654296875,52.24822913894326,-176.11098
1148.178855146994,-2679.506591796875,52.24743573385519,-176.11098
1236.5003055429167,-2683.447509765625,52.24664232876713,-176.11098
1324.8217559388395,-2687.388427734375,52.24584892367906,-176.11098
1413.143206334762,-2692.56787109375,52.24505551859101,-176.11098
1501.4646567306845,-2698.804931640625,52.24426211350294,-176.11098
1589.7861071266072,-2705.042236328125,52.24346870841488,-176.11098
1678.10755752253,-2711.146240234375,52.24267530332682,-176.11098
1766.4290079184525,-2715.6650390625,52.24188189823875,-176.11098
1854.750458314375,-2720.18359375,52.24108849315069,-176.11098
1943.0719087102977,-2724.702392578125,52.24029508806262,-176.11098
2031.3933591062205,-2727.620361328125,52.23950168297457,-176.11098
2119.714809502143,-2729.5390625,52.2387082778865,-176.11098
2208.0362598980655,-2731.4580078125,52.23791487279844,-176.11098
2296.357710293988,-2730.528564453125,52.23712146771038,-176.11098
2384.679160689911,-2713.950927734375,52.23632806262231,-176.11098
2473.0006110858335,-2697.373291015625,52.23553465753425,-176.11098
2561.322061481756,-2680.7958984375,52.23474125244619,-176.11098
2649.643511877679,-2664.3671875,52.23394784735814,-176.11098
2737.9649622736015,-2648.0048828125,52.23315444227006,-176.11098
2826.286412669524,-2631.642333984375,52.232361037182,-176.11098
2914.6078630654465,-2615.273193359375,52.23156763209394,-176.11098
3002.929313461369,-2598.88134765625,52.23077422700588,-176.11098
3091.250763857292,-2582.489501953125,52.22998082191781,-176.11098
3179.5722142532145,-2566.09765625,52.22918741682975,-176.11098
3267.893664649137,-2547.9404296875,52.22839401174168,-176.11098
3356.21511504506,-2529.25244140625,52.22760060665362,-176.11098
3444.5365654409825,-2510.564208984375,52.22680720156556,-176.11098
3532.858015836905,-2492.399169921875,52.2260137964775,-176.11098
3621.1794662328275,-2475.414794921875,52.22522039138943,-176.11098
3709.50091662875,-2458.430419921875,52.22442698630138,-176.11098
3797.822367024673,-2441.446044921875,52.22363358121332,-176.11098
3886.1438174205955,-2426.13330078125,52.22284017612525,-176.11098
3974.465267816518,-2411.126953125,52.22204677103718,-176.11098
4062.786718212441,-2396.120361328125,52.22125336594912,-176.11098
4151.1081686083635,-2382.525390625,52.22045996086106,-176.11098
4239.429619004286,-2371.200439453125,52.219666555773,-176.11098
4327.7510694002085,-2359.875732421875,52.21887315068494,-176.11098
4416.072519796131,-2348.55078125,52.21807974559687,-176.11098
4504.3939701920535,-2336.42724609375,52.21728634050882,-176.11098
4592.715420587976,-2324.235595703125,52.21649293542075,-176.11098
4681.0368709838995,-2312.044189453125,52.21569953033269,-176.11098
4769.358321379822,-2299.08935546875,52.21490612524462,-176.11098
4857.6797717757445,-2285.238525390625,52.21411272015656,-176.11098
4946.001222171667,-2271.387451171875,52.2133193150685,-176.11098
5034.3226725675895,-2257.536376953125,52.21252590998043,-176.11098
5122.644122963512,-2247.589599609375,52.21173250489237,-176.11098
5210.9655733594345,-2237.64990234375,52.21093909980432,-176.11098
5299.287023755358,-2227.71044921875,52.21014569471625,-176.11098
5387.6084741512805,-2217.48486328125,52.20935228962819,-176.11098
5475.929924547203,-2207.01171875,52.20855888454012,-176.11098
5564.2513749431255,-2196.538818359375,52.20776547945206,-176.11098
5652.572825339048,-2186.047607421875,52.206972074364,-176.11098
5740.8942757349705,-2175.329833984375,52.20617866927594,-176.11098
5829.215726130893,-2164.612060546875,52.20538526418787,-176.11098
5917.5371765268155,-2153.89453125,52.20459185909981,-176.11098
6005.858626922738,-2136.858154296875,52.20379845401175,-176.11098
6094.1800773186615,-2115.82958984375,52.20300504892369,-176.11098
6182.501527714584,-2094.801025390625,52.20221164383562,-176.11098
6270.8229781105065,-2075.256103515625,52.20141823874756,-176.11098
6359.144428506429,-2064.049072265625,52.20062483365949,-176.11098
6447.4658789023515,-2052.84228515625,52.19983142857144,-176.11098
6535.787329298274,-2041.63525390625,52.19903802348337,-176.11098
6624.1087796941965,-2039.368041992188,52.19824461839531,-176.11098
6712.43023009012,-2041.130859375,52.19745121330725,-176.11098
6800.7516804860425,-2042.8935546875,52.19665780821919,-176.11098
6889.073130881965,-2040.919921875,52.19586440313113,-176.11098
6977.3945812778875,-2026.26123046875,52.19507099804306,-176.11098
7065.71603167381,-2011.602661132812,52.194277592955,-176.11098
7154.0374820697325,-1996.943969726562,52.19348418786693,-176.11098
7242.358932465655,-1981.179321289062,52.19269078277888,-176.11098
7330.6803828615775,-1965.076293945312,52.1918973776908,-176.11098
7419.0018332575,-1948.973266601562,52.19110397260275,-176.11098
7507.3232836534235,-1932.782470703125,52.19031056751468,-176.11098
7595.644734049346,-1916.390502929688,52.18951716242663,-176.11098
7683.9661844452685,-1899.998657226562,52.18872375733855,-176.11098
7772.287634841191,-1883.606689453125,52.1879303522505,-176.11098
7860.6090852371135,-1871.725708007812,52.18713694716243,-176.11098
7948.930535633036,-1860.689697265625,52.18634354207438,-176.11098
8037.2519860289585,-1849.653686523438,52.18555013698631,-176.11098
8125.573436424882,-1838.397827148438,52.18475673189825,-176.11098
8213.894886820804,-1826.784057617188,52.18396332681018,-176.11098
8302.216337216727,-1815.170288085938,52.18316992172213,-176.11098
8390.53778761265,-1803.556518554688,52.18237651663405,-176.11098
8478.859238008572,-1789.608520507812,52.181583111546,-176.11098
8567.180688404495,-1775.453857421875,52.18078970645794,-176.11098
8655.502138800417,-1761.29931640625,52.17999630136987,-176.11098
8743.82358919634,-1746.60986328125,52.17920289628181,-176.11098
8832.145039592262,-1731.28515625,52.17840949119374,-176.11098
8920.466489988185,-1715.960205078125,52.17761608610568,-176.11098
9008.787940384107,-1700.635375976562,52.17682268101762,-176.11098
9097.10939078003,-1685.037719726562,52.17602927592955,-176.11098
9185.430841175952,-1669.438720703125,52.17523587084149,-176.11098
9273.752291571876,-1653.839721679688,52.17444246575344,-176.11098
9362.073741967799,-1638.23291015625,52.17364906066536,-176.11098
9450.395192363721,-1622.619262695312,52.17285565557731,-176.11098
9538.716642759644,-1607.005493164062,52.17206225048924,-176.11098
9627.038093155566,-1591.311157226562,52.17126884540118,-176.11098
9715.359543551489,-1574.5712890625,52.17047544031312,-176.11098
9803.680993947411,-1557.831665039062,52.16968203522505,-176.11098
9892.002444343334,-1541.091918945312,52.16888863013699,-176.11098
9980.323894739257,-1524.1669921875,52.16809522504893,-176.11098
10068.645345135179,-1507.123779296875,52.16730181996087,-176.11098
10156.966795531102,-1490.080444335938,52.1665084148728,-176.11098
10245.288245927024,-1472.989868164062,52.16571500978474,-176.11098
10333.609696322947,-1455.628295898438,52.16492160469669,-176.11098
10421.931146718869,-1438.2666015625,52.16412819960861,-176.11098
10510.252597114792,-1420.904907226562,52.16333479452056,-176.11098
10598.574047510716,-1406.913696289062,52.16254138943249,-176.11098
10686.895497906638,-1394.462768554688,52.16174798434443,-176.11098
10775.216948302561,-1382.011840820312,52.16095457925636,-176.11098
10863.538398698483,-1369.8759765625,52.1601611741683,-176.11098
10951.859849094406,-1358.821166992188,52.15936776908023,-176.11098
11040.181299490328,-1347.764526367188,52.15857436399217,-176.11098
11128.502749886251,-1336.707885742188,52.15778095890411,-176.11098
11216.824200282173,-1324.914184570312,52.15698755381605,-176.11098
11305.145650678096,-1312.837890625,52.15619414872799,-176.11098
11393.467101074019,-1300.668701171875,52.15540074363993,-176.11098
11481.788551469941,-1290.815673828125,52.15460733855186,-176.11098
11570.110001865864,-1285.820190429688,52.15381393346381,-176.11098
11658.431452261786,-1280.528442382812,52.15302052837574,-176.11098
11746.752902657709,-1274.7958984375,52.15222712328768,-176.11098
11835.074353053631,-1269.039672851562,52.15143371819961,-176.11098
11923.395803449554,-1262.422119140625,52.15064031311155,-176.11098
12011.717253845476,-1254.849243164062,52.14984690802348,-176.11098
12100.0387042414,-1246.021728515625,52.14905350293543,-176.11098
12188.360154637323,-1233.388061523438,52.14826009784736,-176.11098
12276.681605033245,-1219.403930664062,52.1474666927593,-176.11098
12365.003055429168,-1205.8525390625,52.14667328767123,-176.11098
12453.32450582509,-1177.647705078125,52.14587988258318,-176.11098
12541.645956221013,-1147.070556640625,52.14508647749512,-176.11098
12629.967406616935,-1115.411254882812,52.14429307240705,-176.11098
12718.288857012858,-1080.882934570312,52.14349966731899,-176.11098
12806.61030740878,-1042.514282226562,52.14270626223093,-176.11098
12894.931757804703,-1002.657165527344,52.14191285714287,-176.11098
12983.253208200626,-963.4403076171875,52.1411194520548,-176.11098
13071.574658596548,-924.2703247070312,52.14032604696674,-176.11098
13159.89610899247,-884.2076416015625,52.13953264187867,-176.11098
13248.217559388393,-843.3865966796875,52.13873923679061,-176.11098
13336.539009784316,-804.1305541992188,52.13794583170256,-176.11098
13424.86046018024,-761.86181640625,52.13715242661448,-176.11098
13513.181910576162,-719.2872314453125,52.13635902152642,-176.11098
13601.503360972085,-678.6622314453125,52.13556561643836,-176.11098
13689.824811368007,-637.1813354492188,52.1347722113503,-176.11098
13778.14626176393,-596.5934448242188,52.13397880626223,-176.11098
13866.467712159852,-555.9642944335938,52.13318540117417,-176.11098
13954.789162555775,-522.427001953125,52.13239199608611,-176.11098
14043.110612951697,-492.5470886230469,52.13159859099805,-176.11098
14131.43206334762,-461.9031982421875,52.13080518590998,-176.11098
14219.753513743542,-439.8660583496094,52.13001178082192,-176.11098
14308.074964139465,-429.4440307617188,52.12921837573386,-176.11098
14396.396414535388,-421.5579223632812,52.1284249706458,-176.11098
14484.71786493131,-414.3998413085938,52.12763156555773,-176.11098
14573.039315327233,-407.6930236816406,52.12683816046968,-176.11098
14661.360765723155,-402.5180358886719,52.12604475538161,-176.11098
14749.682216119078,-399.9534301757812,52.12525135029354,-176.11098
14838.003666515,-398.9384765625,52.12445794520549,-176.11098
14926.325116910924,-395.8361511230469,52.12366454011742,-176.11098
15014.646567306847,-386.3984680175781,52.12287113502936,-176.11098
15102.96801770277,-373.9123229980469,52.1220777299413,-176.11098
15191.289468098692,-363.8535461425781,52.12128432485324,-176.11098
15279.610918494614,-346.0694885253906,52.12049091976517,-176.11098
15367.932368890537,-324.3256530761719,52.11969751467711,-176.11098
15456.25381928646,-301.3779296875,52.11890410958905,-176.11098
15544.575269682382,-276.2987670898438,52.11811070450099,-176.11098
15632.896720078304,-235.922119140625,52.11731729941292,-176.11098
15721.218170474227,-190.0370788574219,52.11652389432486,-176.11098
15809.53962087015,-160.4909820556641,52.1157304892368,-176.11098
15897.861071266072,-135.2108917236328,52.11493708414874,-176.11098
15986.182521661995,-103.8175354003906,52.11414367906067,-176.11098
16074.503972057917,-72.88955688476562,52.11335027397261,-176.11098
16162.82542245384,-52.12560272216797,52.11255686888455,-176.11098
16251.146872849764,-33.3173828125,52.11176346379648,-176.11098
16339.468323245686,-8.466416358947754,52.11097005870842,-176.11098
16427.78977364161,15.18754100799561,52.11017665362035,-176.11098
16516.11122403753,41.05401611328125,52.1093832485323,-176.11098
16604.432674433454,69.25789642333984,52.10858984344423,-176.11098
16692.754124829375,85.46302795410156,52.10779643835616,-176.11098
16781.0755752253,110.1574020385742,52.1070030332681,-176.11098
16869.39702562122,149.4397430419922,52.10620962818005,-176.11098
16957.718476017144,205.5176239013672,52.10541622309199,-176.11098
17046.03992641307,277.841064453125,52.10462281800393,-176.11098
17134.36137680899,325.2694396972656,52.10382941291585,-176.11098
17222.682827204913,338.0497741699219,52.10303600782779,-176.11098
17311.004277600834,342.9484252929688,52.10224260273973,-176.11098
17399.32572799676,368.0115051269531,52.10144919765167,-176.11098
17487.64717839268,385.4368591308594,52.10065579256361,-176.11098
17575.968628788603,385.4718627929688,52.09986238747554,-176.11098
17664.290079184524,357.1286926269531,52.09906898238747,-176.11098
17752.61152958045,370.43115234375,52.09827557729942,-176.11098
17840.93297997637,439.1264038085938,52.09748217221135,-176.11098
17929.254430372293,480.4945678710938,52.0966887671233,-176.11098
18017.575880768214,519.4137573242188,52.09589536203523,-176.11098
18105.89733116414,576.4188842773438,52.09510195694717,-176.11098
18194.21878156006,631.4089965820312,52.0943085518591,-176.11098
18282.540231955983,668.8927612304688,52.09351514677105,-176.11098
18370.861682351904,725.5595703125,52.09272174168297,-176.11098
18459.18313274783,788.2886352539062,52.09192833659491,-176.11098
18547.504583143753,853.9383544921875,52.09113493150686,-176.11098
18635.826033539674,870.22216796875,52.0903415264188,-176.11098
18724.147483935598,930.86572265625,52.08954812133074,-176.11098
18812.46893433152,986.3997802734375,52.08875471624266,-176.11098
18900.790384727443,1046.239624023438,52.08796131115461,-176.11098
18989.111835123364,1100.072509765625,52.08716790606654,-176.11098
19077.433285519288,1147.57177734375,52.08637450097848,-176.11098
19165.75473591521,1190.314575195312,52.08558109589041,-176.11098
19254.076186311133,1258.558837890625,52.08478769080235,-176.11098
19342.397636707054,1331.306030273438,52.08399428571429,-176.11098
19430.719087102978,1378.252563476562,52.08320088062623,-176.11098
19519.0405374989,1425.41455078125,52.08240747553816,-176.11098
19607.361987894823,1470.232788085938,52.0816140704501,-176.11098
19695.683438290744,1533.1474609375,52.08082066536204,-176.11098
19784.004888686668,1593.0576171875,52.08002726027398,-176.11098
19872.326339082592,1649.584350585938,52.07923385518592,-176.11098
19960.647789478513,1687.7939453125,52.07844045009785,-176.11098
20048.969239874437,1696.372314453125,52.07764704500979,-176.11098
20137.290690270358,1708.544921875,52.07685363992173,-176.11098
20225.612140666282,1720.448120117188,52.07606023483366,-176.11098
20313.933591062203,1696.2587890625,52.0752668297456,-176.11098
20402.255041458127,1662.253662109375,52.07447342465754,-176.11098
20490.576491854048,1634.463256835938,52.07368001956948,-176.11098
20578.897942249972,1605.306640625,52.07288661448141,-176.11098
20667.219392645893,1568.943725585938,52.07209320939335,-176.11098
20755.540843041817,1519.591918945312,52.07129980430528,-176.11098
20843.862293437738,1464.907958984375,52.07050639921723,-176.11098
20932.183743833662,1417.548706054688,52.06971299412916,-176.11098
21020.505194229583,1371.0009765625,52.06891958904111,-176.11098
21108.826644625507,1325.339965820312,52.06812618395303,-176.11098
21197.14809502143,1280.939331054688,52.06733277886498,-176.11098
21285.469545417352,1243.784423828125,52.06653937377691,-176.11098
21373.790995813277,1208.609985351562,52.06574596868885,-176.11098
21462.112446209198,1177.546020507812,52.06495256360078,-176.11098
21550.433896605122,1151.378540039062,52.06415915851272,-176.11098
21638.755347001043,1118.212890625,52.06336575342466,-176.11098
21727.076797396967,1076.798217773438,52.0625723483366,-176.11098
21815.398247792888,1027.885620117188,52.06177894324854,-176.11098
21903.719698188812,973.806640625,52.06098553816047,-176.11098
21992.041148584733,931.9942016601562,52.06019213307241,-176.11098
22080.362598980657,895.92626953125,52.05939872798434,-176.11098
22168.684049376578,857.673828125,52.05860532289629,-176.11098
22257.005499772502,832.9174194335938,52.05781191780822,-176.11098
22345.326950168423,818.4521484375,52.05701851272016,-176.11098
22433.648400564347,809.4744262695312,52.05622510763209,-176.11098
22521.969850960268,835.0324096679688,52.05543170254403,-176.11098
22610.291301356192,848.1455078125,52.05463829745597,-176.11098
22698.612751752116,834.991455078125,52.05384489236792,-176.11098
22786.934202148037,817.108154296875,52.05305148727985,-176.11098
22875.25565254396,801.4601440429688,52.05225808219178,-176.11098
22963.577102939882,783.2603149414062,52.05146467710372,-176.11098
23051.898553335806,752.78271484375,52.05067127201566,-176.11098
23140.220003731727,722.7334594726562,52.04987786692759,-176.11098
23228.54145412765,700.8031616210938,52.04908446183953,-176.11098
23316.862904523572,698.6444702148438,52.04829105675147,-176.11098
23405.184354919496,701.1279296875,52.04749765166341,-176.11098
23493.505805315417,701.9088134765625,52.04670424657534,-176.11098
23581.82725571134,690.7644653320312,52.04591084148729,-176.11098
23670.148706107262,692.5034790039062,52.04511743639922,-176.11098
23758.470156503186,718.1676025390625,52.04432403131116,-176.11098
23846.791606899107,717.1764526367188,52.0435306262231,-176.11098
23935.11305729503,694.2130126953125,52.04273722113504,-176.11098
24023.434507690952,675.6409301757812,52.04194381604697,-176.11098
24111.755958086876,652.1668090820312,52.04115041095891,-176.11098
24200.0774084828,629.749267578125,52.04035700587085,-176.11098
24288.39885887872,607.752197265625,52.03956360078278,-176.11098
24376.720309274646,591.3810424804688,52.03877019569472,-176.11098
24465.041759670567,574.9097900390625,52.03797679060666,-176.11098
24553.36321006649,557.3722534179688,52.0371833855186,-176.11098
24641.68466046241,536.47265625,52.03638998043053,-176.11098
24730.006110858336,521.0455932617188,52.03559657534246,-176.11098
24818.327561254257,542.0962524414062,52.03480317025441,-176.11098
24906.64901165018,563.888916015625,52.03400976516635,-176.11098
24994.9704620461,569.8878173828125,52.03321636007828,-176.11098
25083.291912442026,562.9388427734375,52.03242295499022,-176.11098
25171.613362837947,549.4196166992188,52.03162954990216,-176.11098
25259.93481323387,523.9004516601562,52.0308361448141,-176.11098
25348.25626362979,493.7422485351562,52.03004273972603,-176.11098
25436.577714025716,451.8360900878906,52.02924933463797,-176.11098
25524.89916442164,427.6697082519531,52.02845592954991,-176.11098
25613.22061481756,420.7798156738281,52.02766252446185,-176.11098
25701.542065213485,423.0040283203125,52.02686911937378,-176.11098
25789.863515609406,416.8612060546875,52.02607571428572,-176.11098
25878.18496600533,396.0581359863281,52.02528230919765,-176.11098
25966.50641640125,378.9042358398438,52.0244889041096,-176.11098
26054.827866797175,374.807861328125,52.02369549902154,-176.11098
26143.149317193096,354.5095825195312,52.02290209393347,-176.11098
26231.47076758902,335.2568359375,52.02210868884541,-176.11098
26319.79221798494,306.3536071777344,52.02131528375735,-176.11098
26408.113668380865,263.77783203125,52.02052187866928,-176.11098
26496.435118776786,245.6030578613281,52.01972847358121,-176.11098
26584.75656917271,225.6267395019531,52.01893506849315,-176.11098
26673.07801956863,201.6240997314453,52.01814166340509,-176.11098
26761.399469964555,178.7114105224609,52.01734825831703,-176.11098
26849.72092036048,154.3371887207031,52.01655485322897,-176.11098
26938.0423707564,129.0515747070312,52.0157614481409,-176.11098
27026.363821152325,104.8317718505859,52.01496804305285,-176.11098
27114.685271548246,84.0427474975586,52.01417463796478,-176.11098
27203.00672194417,72.58342742919922,52.01338123287672,-176.11098
27291.32817234009,77.50812530517578,52.01258782778864,-176.11098
27379.649622736015,75.59380340576172,52.0117944227006,-176.11098
27467.971073131936,73.15228271484375,52.01100101761253,-176.11098
27556.29252352786,68.41731262207031,52.01020761252447,-176.11098
27644.61397392378,65.25989532470703,52.0094142074364,-176.11098
27732.935424319705,66.2617416381836,52.00862080234834,-176.11098
27821.256874715626,72.60836029052734,52.00782739726028,-176.11098
27909.57832511155,80.6490478515625,52.00703399217221,-176.11098
27997.89977550747,93.7955322265625,52.00624058708414,-176.11098
28086.221225903395,110.220703125,52.00544718199609,-176.11098
28174.542676299316,119.9175491333008,52.00465377690803,-176.11098
28262.86412669524,122.7750396728516,52.00386037181996,-176.11098
28351.185577091164,116.3448333740234,52.0030669667319,-176.11098
28439.507027487085,117.5297470092773,52.00227356164384,-176.11098
28527.82847788301,119.4189910888672,52.00148015655578,-176.11098
28616.14992827893,125.9377975463867,52.00068675146771,-176.11098
28704.471378674854,123.2736129760742,51.99989334637965,-176.11098
28792.792829070775,125.001335144043,51.99909994129158,-176.11098
28881.1142794667,122.4717178344727,51.99830653620352,-176.11098
28969.43572986262,123.2041473388672,51.99751313111545,-176.11098
29057.757180258544,108.4296951293945,51.9967197260274,-176.11098
29146.078630654465,71.14937591552734,51.99592632093933,-176.11098
29234.40008105039,32.81925201416016,51.99513291585128,-176.11098
29322.72153144631,2.775775194168091,51.99433951076321,-176.11098
29411.042981842234,-1.200045585632324,51.99354610567516,-176.11098
29499.364432238155,-3.227819681167603,51.99275270058708,-176.11098
29587.68588263408,-4.9283766746521,51.99195929549903,-176.11098
29676.00733303,-6.292222023010254,51.99116589041096,-176.11098
29764.328783425924,-7.48438835144043,51.99037248532291,-176.11098
29852.65023382185,-8.701531410217285,51.98957908023484,-176.11098
29940.97168421777,-10.330641746521,51.98878567514677,-176.11098
30029.293134613694,-12.51151180267334,51.98799227005871,-176.11098
30117.614585009615,-15.5106782913208,51.98719886497066,-176.11098
30205.93603540554,-19.33971786499023,51.98640545988259,-176.11098
30294.25748580146,-22.98520278930664,51.98561205479453,-176.11098
30382.578936197384,-26.01113128662109,51.98481864970645,-176.11098
30470.900386593305,-28.77423858642578,51.9840252446184,-176.11098
30559.22183698923,-31.65547370910645,51.98323183953033,-176.11098
30647.54328738515,-34.9458122253418,51.98243843444228,-176.11098
30735.864737781074,-38.55173873901367,51.9816450293542,-176.11098
30824.186188176995,-42.13115310668945,51.98085162426614,-176.11098
30912.50763857292,-45.02115249633789,51.98005821917809,-176.11098
31000.82908896884,-46.43124008178711,51.97926481409002,-176.11098
31089.150539364764,-47.03559112548828,51.97847140900195,-176.11098
31177.47198976069,-47.39262008666992,51.9776780039139,-176.11098
31265.79344015661,-47.44916534423828,51.97688459882583,-176.11098
31354.114890552533,-47.31502532958984,51.97609119373777,-176.11098
31442.436340948454,-46.92575454711914,51.9752977886497,-176.11098
31530.75779134438,-46.35763931274414,51.97450438356165,-176.11098
31619.0792417403,-45.64970397949219,51.97371097847359,-176.11098
31707.400692136223,-44.91057205200195,51.97291757338552,-176.11098
31795.722142532144,-44.24487686157227,51.97212416829746,-176.11098
31884.04359292807,-43.60257720947266,51.97133076320939,-176.11098
31972.36504332399,-42.91629028320312,51.97053735812133,-176.11098
32060.686493719913,-42.19796371459961,51.96974395303327,-176.11098
32149.007944115834,-41.45918273925781,51.96895054794521,-176.11098
32237.32939451176,-40.71115875244141,51.96815714285714,-176.11098
32325.65084490768,-39.94622421264648,51.96736373776908,-176.11098
32413.972295303603,-39.08871841430664,51.96657033268102,-176.11098
32502.293745699528,-37.66643142700195,51.96577692759296,-176.11098
32590.61519609545,-35.28786849975586,51.96498352250489,-176.11098
32678.936646491373,-31.40186882019043,51.96419011741684,-176.11098
32767.258096887294,-26.39201545715332,51.96339671232877,-176.11098
32855.57954728322,-20.10356140136719,51.96260330724071,-176.11098
32943.90099767914,-12.7285680770874,51.96180990215265,-176.11098
33032.22244807506,-5.273627281188965,51.96101649706458,-176.11098
33120.54389847098,0.98659747838974,51.96022309197652,-176.11098
33208.86534886691,14.2342586517334,51.95942968688846,-176.11098
33297.18679926283,38.76594543457031,51.95863628180039,-176.11098
33385.50824965875,64.88539123535156,51.95784287671233,-176.11098
33473.82970005467,117.5220260620117,51.95704947162427,-176.11098
33562.1511504506,158.1948394775391,51.95625606653621,-176.11098
33650.47260084652,163.5306243896484,51.95546266144814,-176.11098
33738.79405124244,138.0167388916016,51.95466925636008,-176.11098
33827.115501638364,104.1071166992188,51.95387585127202,-176.11098
33915.43695203429,84.65516662597656,51.95308244618396,-176.11098
34003.75840243021,70.71467590332031,51.9522890410959,-176.11098
34092.07985282614,56.47578048706055,51.95149563600783,-176.11098
34180.401303222054,25.0995922088623,51.95070223091977,-176.11098
34268.72275361798,-0.9805536270141602,51.94990882583171,-176.11098
34357.0442040139,-17.28012657165527,51.94911542074365,-176.11098
34445.36565440983,-33.19136810302734,51.94832201565558,-176.11098
34533.687104805744,-44.28121566772461,51.94752861056752,-176.11098
34622.00855520167,-53.19035720825195,51.94673520547945,-176.11098
34710.33000559759,-58.09673690795898,51.9459418003914,-176.11098
34798.65145599352,-62.47505950927734,51.94514839530333,-176.11098
34886.972906389434,-65.9627456665039,51.94435499021527,-176.11098
34975.29435678536,-68.59931945800781,51.94356158512721,-176.11098
35063.61580718128,-69.44560241699219,51.94276818003915,-176.11098
35151.93725757721,-69.0089340209961,51.94197477495108,-176.11098
35240.258707973124,-64.95343017578125,51.94118136986302,-176.11098
35328.58015836905,-52.2554931640625,51.94038796477495,-176.11098
35416.90160876497,-34.56470108032227,51.9395945596869,-176.11098
35505.2230591609,-17.26320457458496,51.93880115459883,-176.11098
35593.54450955682,-3.232682228088379,51.93800774951077,-176.11098
35681.86595995274,26.16007995605469,51.9372143444227,-176.11098
35770.18741034866,62.99193572998047,51.93642093933464,-176.11098
35858.50886074459,108.0010757446289,51.93562753424657,-176.11098
35946.83031114051,147.8512878417969,51.93483412915852,-176.11098
36035.15176153643,153.7107543945312,51.93404072407046,-176.11098
36123.47321193235,147.4892425537109,51.9332473189824,-176.11098
36211.79466232828,138.8892669677734,51.93245391389433,-176.11098
36300.1161127242,135.2511596679688,51.93166050880626,-176.11098
36388.43756312012,116.8993148803711,51.93086710371821,-176.11098
36476.75901351604,70.21920776367188,51.93007369863015,-176.11098
36565.08046391197,4.003098487854004,51.92928029354207,-176.11098
36653.40191430789,-14.5236644744873,51.92848688845402,-176.11098
36741.72336470381,-32.94906234741211,51.92769348336595,-176.11098
36830.04481509973,-49.83797454833984,51.9269000782779,-176.11098
36918.36626549566,-63.22447967529297,51.92610667318983,-176.11098
37006.68771589158,-70.28397369384766,51.92531326810177,-176.11098
37095.009166287506,-76.36486053466797,51.9245198630137,-176.11098
37183.33061668342,-80.66471099853516,51.92372645792564,-176.11098
37271.65206707935,-83.73973083496094,51.92293305283758,-176.11098
37359.97351747527,-86.26177215576172,51.92213964774951,-176.11098
37448.294967871196,-88.1896743774414,51.92134624266146,-176.11098
37536.61641826711,-89.26273345947266,51.92055283757339,-176.11098
37624.93786866304,-89.89968872070312,51.91975943248533,-176.11098
37713.25931905896,-89.89020538330078,51.91896602739726,-176.11098
37801.580769454886,-89.44801330566406,51.91817262230921,-176.11098
37889.9022198508,-88.84260559082031,51.91737921722114,-176.11098
37978.22367024673,-88.00975799560547,51.91658581213308,-176.11098
38066.54512064265,-86.98011016845703,51.91579240704501,-176.11098
38154.866571038576,-85.87908172607422,51.91499900195696,-176.11098
38243.1880214345,-84.89767456054688,51.91420559686889,-176.11098
38331.50947183042,-84.42512512207031,51.91341219178083,-176.11098
38419.83092222634,-84.97086334228516,51.91261878669276,-176.11098
38508.152372622266,-86.30995178222656,51.9118253816047,-176.11098
38596.47382301819,-88.23230743408203,51.91103197651665,-176.11098
38684.79527341411,-90.52728271484375,51.91023857142857,-176.11098
38773.11672381003,-93.22443389892578,51.90944516634051,-176.11098
38861.438174205956,-96.32711029052734,51.90865176125245,-176.11098
38949.75962460188,-99.88253021240234,51.90785835616438,-176.11098
39038.0810749978,-103.8280715942383,51.90706495107633,-176.11098
39126.40252539372,-108.177734375,51.90627154598826,-176.11098
39214.723975789646,-111.1540603637695,51.9054781409002,-176.11098
39303.04542618557,-110.3496551513672,51.90468473581213,-176.11098
39391.36687658149,-105.9246673583984,51.90389133072407,-176.11098
39479.68832697741,-100.6941452026367,51.903097925636,-176.11098
39568.009777373336,-93.24569702148438,51.90230452054796,-176.11098
39656.33122776926,-87.14723205566406,51.90151111545988,-176.11098
39744.652678165185,-82.88687896728516,51.90071771037183,-176.11098
39832.9741285611,-81.62802124023438,51.89992430528375,-176.11098
39921.295578957026,-81.58706665039062,51.8991309001957,-176.11098
40009.61702935295,-81.46349334716797,51.89833749510764,-176.11098
40097.938479748875,-79.92945098876953,51.89754409001957,-176.11098
40186.25993014479,-77.0976791381836,51.8967506849315,-176.11098
40274.581380540716,-72.77603912353516,51.89595727984344,-176.11098
40362.90283093664,-67.77098083496094,51.89516387475538,-176.11098
40451.224281332565,-63.20622253417969,51.89437046966732,-176.11098
40539.54573172848,-58.4510383605957,51.89357706457926,-176.11098
40627.867182124406,-51.84184265136719,51.89278365949119,-176.11098
40716.18863252033,-36.93108367919922,51.89199025440313,-176.11098
40804.510082916255,-22.97719383239746,51.89119684931507,-176.11098
40892.83153331217,-12.14104747772217,51.890403444227,-176.11098
40981.152983708096,-2.300505399703979,51.88961003913894,-176.11098
41069.47443410402,8.688661575317383,51.88881663405088,-176.11098
41157.795884499945,35.31128692626953,51.88802322896282,-176.11098
41246.11733489587,50.30893325805664,51.88722982387476,-176.11098
41334.438785291786,62.2277717590332,51.88643641878669,-176.11098
41422.76023568771,59.3238410949707,51.88564301369863,-176.11098
41511.081686083635,38.36915969848633,51.88484960861057,-176.11098
41599.40313647956,4.153306007385254,51.8840562035225,-176.11098
41687.724586875476,-7.730815410614014,51.88326279843444,-176.11098
41776.0460372714,-12.67274284362793,51.88246939334638,-176.11098
41864.367487667325,-12.91767120361328,51.88167598825832,-176.11098
41952.68893806325,-8.32209300994873,51.88088258317025,-176.11098
42041.010388459166,-7.976926803588867,51.88008917808219,-176.11098
42129.33183885509,-10.75531768798828,51.87929577299414,-176.11098
42217.653289251015,-19.13131713867188,51.87850236790607,-176.11098
42305.97473964694,-28.83740997314453,51.87770896281801,-176.11098
42394.29619004286,-35.87768173217773,51.87691555772994,-176.11098
42482.61764043878,-40.21160507202148,51.87612215264189,-176.11098
42570.939090834705,-42.70506286621094,51.87532874755382,-176.11098
42659.26054123063,-43.16238021850586,51.87453534246576,-176.11098
42747.581991626554,-41.37570190429688,51.87374193737769,-176.11098
42835.90344202247,-39.0804557800293,51.87294853228963,-176.11098
42924.224892418395,-36.71200180053711,51.87215512720157,-176.11098
43012.54634281432,-35.35883331298828,51.87136172211351,-176.11098
43100.867793210244,-35.41593170166016,51.87056831702543,-176.11098
43189.18924360616,-35.98354721069336,51.86977491193738,-176.11098
43277.510694002085,-38.48818206787109,51.86898150684932,-176.11098
43365.83214439801,-42.22576522827148,51.86818810176126,-176.11098
43454.153594793934,-44.25103759765625,51.86739469667319,-176.11098
43542.47504518985,-45.69004058837891,51.86660129158513,-176.11098
43630.796495585775,-48.78417587280273,51.86580788649706,-176.11098
43719.1179459817,-52.72421646118164,51.86501448140901,-176.11098
43807.439396377624,-53.36919403076172,51.86422107632093,-176.11098
43895.76084677355,-52.84852600097656,51.86342767123288,-176.11098
43984.082297169465,-51.40089416503906,51.86263426614482,-176.11098
44072.40374756539,-48.1978645324707,51.86184086105676,-176.11098
44160.725197961314,-46.13711929321289,51.8610474559687,-176.11098
44249.04664835724,-43.66231918334961,51.86025405088063,-176.11098
44337.368098753155,-41.45431900024414,51.85946064579257,-176.11098
44425.68954914908,-38.67960739135742,51.85866724070451,-176.11098
44514.010999545004,-34.89566802978516,51.85787383561645,-176.11098
44602.33244994093,-31.5477409362793,51.85708043052838,-176.11098
44690.653900336845,-27.89326095581055,51.85628702544032,-176.11098
44778.97535073277,-24.43850708007812,51.85549362035226,-176.11098
44867.296801128694,-16.0970630645752,51.8547002152642,-176.11098
44955.61825152462,0.997336208820343,51.85390681017613,-176.11098
45043.939701920535,30.58564567565918,51.85311340508806,-176.11098
45132.26115231646,62.07693481445312,51.85232,-176.11098