     0.000  3.5000  2.0208
     0.200  3.5000  2.0208
     0.200  3.8800  2.2402
     0.400  3.8800  2.2402
     0.400  4.2500  2.4538
     0.600  4.2500  2.4538
     0.600  4.6200  2.6674
     0.800  4.6200  2.6674
     0.800  5.0000  2.8868
     1.000  5.0000  2.8868
     1.000  5.5000  3.1755
     2.000  5.5000  3.1755
     2.000  5.6200  3.2448
     3.000  5.6200  3.2448
     3.000  5.7400  3.3141
     4.000  5.7400  3.3141
     4.000  5.8600  3.3834
     5.000  5.8600  3.3834
     5.000  5.9800  3.4527
     6.000  5.9800  3.4527
     6.000  6.1000  3.5219
     7.000  6.1000  3.5219
     7.000  6.6000  3.8106
     8.000  6.6000  3.8106
     8.000  6.6400  3.8337
     9.000  6.6400  3.8337
     9.000  6.6800  3.8568
    10.000  6.6800  3.8568
    10.000  6.7200  3.8799
    11.000  6.7200  3.8799
    11.000  6.7600  3.9030
    12.000  6.7600  3.9030
    12.000  6.8000  3.9261
    13.000  6.8000  3.9261
    13.000  6.8400  3.9492
    14.000  6.8400  3.9492
    14.000  6.8800  3.9723
    15.000  6.8800  3.9723
    15.000  6.9200  3.9954
    16.000  6.9200  3.9954
    16.000  6.9600  4.0185
    17.000  6.9600  4.0185
    17.000  7.0000  4.0416
    18.000  7.0000  4.0416
    18.000  7.0400  4.0647
    19.000  7.0400  4.0647
    19.000  7.0800  4.0878
    20.000  7.0800  4.0878
    20.000  7.1200  4.1109
    21.000  7.1200  4.1109
    21.000  7.1600  4.1339
    22.000  7.1600  4.1339
    22.000  7.2000  4.1570
    23.000  7.2000  4.1570
    23.000  7.2400  4.1801
    24.000  7.2400  4.1801
    24.000  7.2800  4.2032
    25.000  7.2800  4.2032
    25.000  7.3200  4.2263
    26.000  7.3200  4.2263
    26.000  7.8500  4.5323
    27.000  7.8500  4.5323
    28.000  7.8500  4.5323
    29.000  7.8500  4.5323
    30.000  7.8500  4.5323
    31.000  7.8500  4.5323
    32.000  7.8500  4.5323
    33.000  7.8500  4.5323
    34.000  7.8500  4.5323
    35.000  7.8500  4.5323
    36.000  7.8500  4.5323
    37.000  7.8500  4.5323
    38.000  7.8500  4.5323
    39.000  7.8500  4.5323
    40.000  7.8500  4.5323
    40.000  8.0500  4.6478
    41.000  8.0500  4.6478
    42.000  8.0500  4.6478
    43.000  8.0500  4.6478
    44.000  8.0500  4.6478
    45.000  8.0500  4.6478
    45.000  8.0600  4.6536
    46.000  8.0600  4.6536
    47.000  8.0600  4.6536
    48.000  8.0600  4.6536
    49.000  8.0600  4.6536
    50.000  8.0600  4.6536
    51.000  8.0600  4.6536
    52.000  8.0600  4.6536
    53.000  8.0600  4.6536
    54.000  8.0600  4.6536
    55.000  8.0600  4.6536
    55.000  8.0700  4.6594
    56.000  8.0700  4.6594
    57.000  8.0700  4.6594
    58.000  8.0700  4.6594
    59.000  8.0700  4.6594
    60.000  8.0700  4.6594
    60.000  8.0800  4.6651
    61.000  8.0800  4.6651
    62.000  8.0800  4.6651
    63.000  8.0800  4.6651
    64.000  8.0800  4.6651
    65.000  8.0800  4.6651
    66.000  8.0800  4.6651
    67.000  8.0800  4.6651
    68.000  8.0800  4.6651
    69.000  8.0800  4.6651
    70.000  8.0800  4.6651
    70.000  8.0900  4.6709
    71.000  8.0900  4.6709
    72.000  8.0900  4.6709
    73.000  8.0900  4.6709
    74.000  8.0900  4.6709
    75.000  8.0900  4.6709
    76.000  8.0900  4.6709
    77.000  8.0900  4.6709
    78.000  8.0900  4.6709
    79.000  8.0900  4.6709
    80.000  8.0900  4.6709
    80.000  8.1000  4.6767
    81.000  8.1000  4.6767
    82.000  8.1000  4.6767
    83.000  8.1000  4.6767
    84.000  8.1000  4.6767
    85.000  8.1000  4.6767
    86.000  8.1000  4.6767
    87.000  8.1000  4.6767
    88.000  8.1000  4.6767
    89.000  8.1000  4.6767
    90.000  8.1000  4.6767
    90.000  8.1100  4.6824
    91.000  8.1100  4.6824
    92.000  8.1100  4.6824
    93.000  8.1100  4.6824
    94.000  8.1100  4.6824
    95.000  8.1100  4.6824
    96.000  8.1100  4.6824
    97.000  8.1100  4.6824
    98.000  8.1100  4.6824
    99.000  8.1100  4.6824
   100.000  8.1100  4.6824
   100.000  8.1200  4.6882
   101.000  8.1200  4.6882
   102.000  8.1200  4.6882
   103.000  8.1200  4.6882
   104.000  8.1200  4.6882
   105.000  8.1200  4.6882
   106.000  8.1200  4.6882
   107.000  8.1200  4.6882
   108.000  8.1200  4.6882
   109.000  8.1200  4.6882
   110.000  8.1200  4.6882
   110.000  8.1300  4.6940
   111.000  8.1300  4.6940
   112.000  8.1300  4.6940
   113.000  8.1300  4.6940
   114.000  8.1300  4.6940
   115.000  8.1300  4.6940
   115.000  8.1400  4.6998
   116.000  8.1400  4.6998
   117.000  8.1400  4.6998
   118.000  8.1400  4.6998
   119.000  8.1400  4.6998
   120.000  8.1400  4.6998
   121.000  8.1400  4.6998
   122.000  8.1400  4.6998
   123.000  8.1400  4.6998
   124.000  8.1400  4.6998
   125.000  8.1400  4.6998
   125.000  8.1500  4.7055
   126.000  8.1500  4.7055
   127.000  8.1500  4.7055
   128.000  8.1500  4.7055
   129.000  8.1500  4.7055
   130.000  8.1500  4.7055
   130.000  8.1600  4.7113
   131.000  8.1600  4.7113
   132.000  8.1600  4.7113
   133.000  8.1600  4.7113
   134.000  8.1600  4.7113
   135.000  8.1600  4.7113
   135.000  8.1700  4.7171
   136.000  8.1700  4.7171
   137.000  8.1700  4.7171
   138.000  8.1700  4.7171
   139.000  8.1700  4.7171
   140.000  8.1700  4.7171
