     0.000  5.5000  3.1755
     1.000  5.5000  3.1755
     2.000  5.5000  3.1755
     2.000  6.0000  3.4642
     3.000  6.0000  3.4642
     4.000  6.0000  3.4642
     5.000  6.0000  3.4642
     6.000  6.0000  3.4642
     7.000  6.0000  3.4642
     8.000  6.0000  3.4642
     9.000  6.0000  3.4642
    10.000  6.0000  3.4642
    11.000  6.0000  3.4642
    12.000  6.0000  3.4642
    13.000  6.0000  3.4642
    14.000  6.0000  3.4642
    15.000  6.0000  3.4642
    16.000  6.0000  3.4642
    17.000  6.0000  3.4642
    18.000  6.0000  3.4642
    19.000  6.0000  3.4642
    20.000  6.0000  3.4642
    21.000  6.0000  3.4642
    22.000  6.0000  3.4642
    23.000  6.0000  3.4642
    24.000  6.0000  3.4642
    25.000  6.0000  3.4642
    25.000  6.1000  3.5219
    26.000  6.1000  3.5219
    27.000  6.1000  3.5219
    28.000  6.1000  3.5219
    29.000  6.1000  3.5219
    30.000  6.1000  3.5219
    30.000  6.2000  3.5797
    31.000  6.2000  3.5797
    32.000  6.2000  3.5797
    33.000  6.2000  3.5797
    34.000  6.2000  3.5797
    35.000  6.2000  3.5797
    36.000  6.2000  3.5797
    37.000  6.2000  3.5797
    38.000  6.2000  3.5797
    39.000  6.2000  3.5797
    40.000  6.2000  3.5797
    41.000  6.2000  3.5797
    42.000  6.2000  3.5797
    43.000  6.2000  3.5797
    44.000  6.2000  3.5797
    45.000  6.2000  3.5797
    46.000  6.2000  3.5797
    47.000  6.2000  3.5797
    48.000  6.2000  3.5797
    49.000  6.2000  3.5797
    50.000  6.2000  3.5797
