20050502   9213706   59.3603  -153.4315      2.370  -0.82    0.00    0.00   0.00         32
20050622   0020180   59.3585  -153.4305      2.460   0.82    0.00    0.00   0.00         39
20050603  10454216   59.3583  -153.4342      2.770  -1.32    0.00    0.00   0.00         42
20050603  15583566   59.3583  -153.4342      2.770  -1.60    0.00    0.00   0.00         43
20050603  16404492   59.3583  -153.4342      2.770  -1.92    0.00    0.00   0.00         44
20050603  16075534   59.3583  -153.4342      2.770  -1.41    0.00    0.00   0.00         45
20050603   8100518   59.3583  -153.4342      2.770  -1.42    0.00    0.00   0.00         46
20050603  14291536   59.3583  -153.4342      2.770  -1.07    0.00    0.00   0.00         47
20050603  22540962   59.3583  -153.4342      2.770  -0.99    0.00    0.00   0.00         48
20050609  15284170   59.3545  -153.4308      2.680   0.13    0.00    0.00   0.00         56
20050615  21452786   59.3590  -153.4298      2.980  -0.20    0.00    0.00   0.00         58
20050616  18500326   59.3590  -153.4298      2.980  -0.40    0.00    0.00   0.00         59
20050615   4392664   59.3590  -153.4298      2.980   0.08    0.00    0.00   0.00         60
20050603  11024856   59.3607  -153.4245      2.770  -0.47    0.00    0.00   0.00         70
20050626  22055548   59.3588  -153.4243      3.440  -0.85    0.00    0.00   0.00         78
20050727   6114770   59.3602  -153.4257      2.410   0.14    0.00    0.00   0.00         92
20050709   6355664   59.3587  -153.4277      2.870  -0.69    0.00    0.00   0.00         95
20050709   6213720   59.3587  -153.4277      2.870  -0.71    0.00    0.00   0.00         96
20050709   6240926   59.3582  -153.4255      2.860  -0.06    0.00    0.00   0.00         98
20050814   6551820   59.3602  -153.4250      1.810   0.10    0.00    0.00   0.00        112
20050914  23483844   59.3597  -153.4280      2.370   0.82    0.00    0.00   0.00        136
20051014  17593452   59.3587  -153.4338      2.790  -0.64    0.00    0.00   0.00        145
20051014  19290108   59.3587  -153.4338      2.790  -0.70    0.00    0.00   0.00        146
20051014  15175136   59.3587  -153.4338      2.790  -0.44    0.00    0.00   0.00        147
20051014  16062840   59.3587  -153.4338      2.790  -0.77    0.00    0.00   0.00        148
20051014  15314412   59.3587  -153.4338      2.790  -0.90    0.00    0.00   0.00        149
20051014  11414262   59.3587  -153.4338      2.790  -0.69    0.00    0.00   0.00        150
20051013  18415368   59.3575  -153.4270      2.770  -0.13    0.00    0.00   0.00        153
20051009   5262282   59.3585  -153.4302      3.020   0.94    0.00    0.00   0.00        168
20051014  11054848   59.3588  -153.4293      2.890  -0.84    0.00    0.00   0.00        178
20051014  19411552   59.3588  -153.4293      2.890  -0.14    0.00    0.00   0.00        179
20051014   9004446   59.3610  -153.4283      3.440   0.09    0.00    0.00   0.00        185
20051014  18235284   59.3583  -153.4232      3.010  -0.14    0.00    0.00   0.00        201
20051009   8580422   59.3580  -153.4292      2.680  -0.88    0.00    0.00   0.00        204
20051009  19371340   59.3585  -153.4293      2.300   0.18    0.00    0.00   0.00        209
20051125  16033042   59.3610  -153.4318      2.420  -0.17    0.00    0.00   0.00        236
20051125   9540652   59.3610  -153.4318      2.420  -0.30    0.00    0.00   0.00        237
20051125  15042028   59.3610  -153.4318      2.420  -0.30    0.00    0.00   0.00        238
20051125  13315636   59.3610  -153.4318      2.420  -0.16    0.00    0.00   0.00        239
20051125  14055254   59.3610  -153.4318      2.420  -0.08    0.00    0.00   0.00        240
20051127   0293780   59.3587  -153.4283      3.310  -0.28    0.00    0.00   0.00        242
20051125  12412488   59.3612  -153.4292      2.450  -0.26    0.00    0.00   0.00        246
20051130  11382300   59.3588  -153.4243      2.530   0.82    0.00    0.00   0.00        250
20051127   9332154   59.3587  -153.4290      2.970  -0.19    0.00    0.00   0.00        269
20051104   7182842   59.3583  -153.4337      2.210  -0.34    0.00    0.00   0.00        273
20051125  15033468   59.3627  -153.4307      2.280   0.30    0.00    0.00   0.00        302
20051130  22461800   59.3577  -153.4310      2.420  -0.24    0.00    0.00   0.00        315
20051224   9351702   59.3575  -153.4297      2.040  -0.09    0.00    0.00   0.00        323
20051211   3003164   59.3615  -153.4293      2.130   0.31    0.00    0.00   0.00        327
20051211   7074392   59.3615  -153.4293      2.130   0.42    0.00    0.00   0.00        328
20051223   8501628   59.3587  -153.4290      2.280  -9.00    0.00    0.00   0.00        333
20051224   2254980   59.3587  -153.4290      2.280  -9.00    0.00    0.00   0.00        334
20051224   7380556   59.3587  -153.4290      2.280  -9.00    0.00    0.00   0.00        335
20051221   0033768   59.3635  -153.4292      1.850  -0.27    0.00    0.00   0.00        337
20051215  14195014   59.3612  -153.4283      2.430  -0.20    0.00    0.00   0.00        345
20051212   2351674   59.3613  -153.4315      2.310  -0.29    0.00    0.00   0.00        352
20051224  10502304   59.3593  -153.4322      2.040   0.15    0.00    0.00   0.00        354
20051212   1320242   59.3608  -153.4292      1.980  -0.13    0.00    0.00   0.00        357
20051224   8332142   59.3590  -153.4295      2.340   0.87    0.00    0.00   0.00        362
20051224  21181082   59.3590  -153.4295      2.340   0.97    0.00    0.00   0.00        363
20051222  22265522   59.3602  -153.4310      2.360  -0.17    0.00    0.00   0.00        377
20051227   5360744   59.3605  -153.4320      2.030  -0.57    0.00    0.00   0.00        379
20051224   8054030   59.3603  -153.4268      2.300  -0.54    0.00    0.00   0.00        384
20051212   0012866   59.3600  -153.4297      2.450   0.16    0.00    0.00   0.00        388
20051211  23582800   59.3600  -153.4297      2.450   0.16    0.00    0.00   0.00        389
20051210  16131264   59.3605  -153.4310      2.380  -0.64    0.00    0.00   0.00        392
20051210  14481832   59.3605  -153.4310      2.380  -0.62    0.00    0.00   0.00        393
20051220  17104474   59.3597  -153.4318      2.360   0.74    0.00    0.00   0.00        401
20051215  11164060   59.3602  -153.4307      2.370  -0.20    0.00    0.00   0.00        404
20051215  14214842   59.3603  -153.4308      2.360  -0.02    0.00    0.00   0.00        406
20051215  10052186   59.3603  -153.4308      2.360   0.23    0.00    0.00   0.00        407
20051223  21525190   59.3595  -153.4312      2.440   1.26    0.00    0.00   0.00        409
20051218  19211726   59.3595  -153.4312      2.440   0.79    0.00    0.00   0.00        410
20051224   3404356   59.3595  -153.4312      2.440   1.40    0.00    0.00   0.00        411
20051221   6204260   59.3595  -153.4312      2.440   1.45    0.00    0.00   0.00        412
20051223  10574048   59.3595  -153.4312      2.440   1.20    0.00    0.00   0.00        413
20051211   3373188   59.3612  -153.4293      2.360   0.50    0.00    0.00   0.00        418
20051210  17424372   59.3588  -153.4312      2.430   0.20    0.00    0.00   0.00        425
20051211   1085802   59.3605  -153.4305      2.370  -0.23    0.00    0.00   0.00        447
20051211   1575124   59.3605  -153.4305      2.370  -0.54    0.00    0.00   0.00        448
20051211   3352030   59.3605  -153.4305      2.370  -0.54    0.00    0.00   0.00        449
20051210  22040134   59.3605  -153.4305      2.370  -0.18    0.00    0.00   0.00        450
20051211   1500094   59.3605  -153.4305      2.370  -0.11    0.00    0.00   0.00        451
20051205  13183364   59.3605  -153.4292      2.360  -0.34    0.00    0.00   0.00        453
20051212   1051844   59.3627  -153.4305      2.100   0.01    0.00    0.00   0.00        455
20051215  14570550   59.3608  -153.4302      2.370  -0.24    0.00    0.00   0.00        466
20051208  22374778   59.3580  -153.4265      2.900  -0.12    0.00    0.00   0.00        470
20051219  10021330   59.3595  -153.4308      2.190  -0.28    0.00    0.00   0.00        472
20051217  17062260   59.3595  -153.4308      2.190   0.40    0.00    0.00   0.00        473
20051221  19363692   59.3595  -153.4308      2.190   0.07    0.00    0.00   0.00        474
20051221  19063846   59.3595  -153.4308      2.190   0.28    0.00    0.00   0.00        475
20051221  10210776   59.3592  -153.4268      2.240   0.22    0.00    0.00   0.00        478
20051222   1523070   59.3592  -153.4268      2.240   0.15    0.00    0.00   0.00        479
20051219   9471740   59.3590  -153.4278      2.370  -0.13    0.00    0.00   0.00        486
20051228   0035792   59.3627  -153.4322      1.830   0.18    0.00    0.00   0.00        491
20051224   9113550   59.3592  -153.4260      2.620   1.23    0.00    0.00   0.00        495
20051211  22223098   59.3592  -153.4293      2.380  -0.19    0.00    0.00   0.00        497
20051212   2545040   59.3610  -153.4302      2.210   0.14    0.00    0.00   0.00        499
20051212   2240028   59.3610  -153.4302      2.210   0.15    0.00    0.00   0.00        500
20051227   3222432   59.3592  -153.4300      2.410  -0.29    0.00    0.00   0.00        504
20051224   7391726   59.3592  -153.4300      2.410   0.04    0.00    0.00   0.00        505
20051210   6143782   59.3595  -153.4260      2.500  -0.36    0.00    0.00   0.00        510
20051210   8114404   59.3595  -153.4260      2.500  -0.21    0.00    0.00   0.00        511
20051210   6565174   59.3595  -153.4260      2.500  -0.33    0.00    0.00   0.00        512
20051210   5033972   59.3595  -153.4260      2.500  -0.40    0.00    0.00   0.00        513
20051210   8054904   59.3595  -153.4260      2.500  -0.21    0.00    0.00   0.00        514
20051211   1463396   59.3627  -153.4305      2.320   0.10    0.00    0.00   0.00        517
20051211  11513330   59.3627  -153.4305      2.320   0.05    0.00    0.00   0.00        518
20051211   7050764   59.3627  -153.4305      2.320  -0.01    0.00    0.00   0.00        519
20051224  22071208   59.3582  -153.4438      1.820   0.29    0.00    0.00   0.00        523
20051208  23073468   59.3572  -153.4348      3.020  -0.26    0.00    0.00   0.00        527
20051212   0021646   59.3592  -153.4283      2.410   0.75    0.00    0.00   0.00        530
20051210   3442040   59.3573  -153.4277      2.240   0.23    0.00    0.00   0.00        540
20051224   9170720   59.3592  -153.4337      2.080   0.12    0.00    0.00   0.00        546
20051222  22432546   59.3592  -153.4337      2.080  -0.11    0.00    0.00   0.00        547
20051211   2354856   59.3603  -153.4290      1.960  -0.70    0.00    0.00   0.00        549
20051211   2371424   59.3603  -153.4290      1.960  -0.78    0.00    0.00   0.00        550
20051211   3461212   59.3603  -153.4290      1.960  -0.52    0.00    0.00   0.00        551
20051212   1085080   59.3617  -153.4288      2.110  -0.50    0.00    0.00   0.00        557
20051212   1131934   59.3617  -153.4288      2.110  -0.47    0.00    0.00   0.00        558
20051215  11060136   59.3615  -153.4270      2.200   0.46    0.00    0.00   0.00        569
20051224   9243892   59.3592  -153.4297      2.230   0.18    0.00    0.00   0.00        572
20051222  22425416   59.3588  -153.4318      2.190  -0.41    0.00    0.00   0.00        576
20051210  14072458   59.3600  -153.4292      2.400  -0.70    0.00    0.00   0.00        579
20051210  14192702   59.3600  -153.4292      2.400   0.12    0.00    0.00   0.00        580
20051212   1035428   59.3610  -153.4317      1.900  -0.21    0.00    0.00   0.00        584
20051212   1290040   59.3610  -153.4317      1.900  -0.23    0.00    0.00   0.00        585
20051209   0202180   59.3582  -153.4248      2.860  -0.31    0.00    0.00   0.00        593
20051212   1042990   59.3608  -153.4313      1.930   0.13    0.00    0.00   0.00        597
20051221  19252666   59.3602  -153.4272      2.320   0.21    0.00    0.00   0.00        601
20051222  22442476   59.3650  -153.4275      1.830   0.06    0.00    0.00   0.00        606
20051220   1323778   59.3590  -153.4277      2.190  -0.17    0.00    0.00   0.00        608
20051210  22235682   59.3597  -153.4292      2.400   0.45    0.00    0.00   0.00        612
20051211   3272704   59.3597  -153.4292      2.400   0.33    0.00    0.00   0.00        613
20051211   1090636   59.3597  -153.4292      2.400   0.58    0.00    0.00   0.00        614
20051221  16120472   59.3585  -153.4338      1.830  -0.27    0.00    0.00   0.00        616
20051219  10010760   59.3567  -153.4345      2.370   0.00    0.00    0.00   0.00        621
20051218  20355376   59.3567  -153.4345      2.370   0.28    0.00    0.00   0.00        622
20051221   3220298   59.3555  -153.4285      1.810   0.30    0.00    0.00   0.00        626
20051221  10270080   59.3555  -153.4285      1.810   0.47    0.00    0.00   0.00        627
20051221   4451498   59.3555  -153.4285      1.810  -0.12    0.00    0.00   0.00        628
20051224   2302024   59.3555  -153.4285      1.810   0.40    0.00    0.00   0.00        629
20051230   7414434   59.3555  -153.4285      1.810  -0.63    0.00    0.00   0.00        630
20051210  17365086   59.3613  -153.4297      2.330  -0.10    0.00    0.00   0.00        632
20051221  16131780   59.3583  -153.4293      2.260   0.54    0.00    0.00   0.00        638
20051224   2515108   59.3583  -153.4293      2.260   0.59    0.00    0.00   0.00        639
20051221  16050874   59.3583  -153.4293      2.260   0.68    0.00    0.00   0.00        640
20051219  10013852   59.3583  -153.4293      2.260   0.70    0.00    0.00   0.00        641
20051224   9154874   59.3583  -153.4293      2.260   0.58    0.00    0.00   0.00        642
20051221   0040534   59.3583  -153.4293      2.260   0.42    0.00    0.00   0.00        643
20060102  10543704   59.3585  -153.4320      2.090   0.71    0.00    0.00   0.00        661
20060106   7454804   59.3585  -153.4320      2.090   0.10    0.00    0.00   0.00        662
20060101   2360716   59.3612  -153.4303      2.390   0.17    0.00    0.00   0.00        665
20060111   4391570   59.3585  -153.4305      2.040  -0.06    0.00    0.00   0.00        667
20060111   5334444   59.3585  -153.4305      2.040   0.20    0.00    0.00   0.00        668
20060103   5033118   59.3585  -153.4322      1.850   0.09    0.00    0.00   0.00        670
20060103   5001252   59.3600  -153.4317      2.210  -0.19    0.00    0.00   0.00        672
20060111  10103226   59.3623  -153.4288      2.450   1.01    0.00    0.00   0.00        678
20060111   4145210   59.3623  -153.4288      2.450   0.96    0.00    0.00   0.00        679
20060111   2055510   59.3623  -153.4288      2.450   0.64    0.00    0.00   0.00        680
20060126   5062386   59.3597  -153.4290      2.290   0.21    0.00    0.00   0.00        687
20060111   3480234   59.3573  -153.4250      2.020   0.89    0.00    0.00   0.00        689
20060111   2314458   59.3573  -153.4250      2.020   1.10    0.00    0.00   0.00        690
20060111   2013518   59.3573  -153.4250      2.020   0.99    0.00    0.00   0.00        691
20060111   5201060   59.3573  -153.4250      2.020   0.92    0.00    0.00   0.00        692
20060111   7503594   59.3638  -153.4332      1.810  -0.25    0.00    0.00   0.00        693
20060103   5011884   59.3613  -153.4288      2.380   0.55    0.00    0.00   0.00        697
20060106   7440432   59.3612  -153.4327      2.430   0.02    0.00    0.00   0.00        705
20060111   9013596   59.3612  -153.4327      2.430   0.53    0.00    0.00   0.00        706
20060111   2134496   59.3607  -153.4290      1.950  -0.70    0.00    0.00   0.00        709
20060111   9500894   59.3595  -153.4278      2.460   1.07    0.00    0.00   0.00        712
20060111   1441612   59.3597  -153.4303      2.400   0.40    0.00    0.00   0.00        716
20060103   7493182   59.3590  -153.4312      2.370   0.62    0.00    0.00   0.00        718
20060102   7182544   59.3590  -153.4312      2.370   0.38    0.00    0.00   0.00        719
20060111   9154926   59.3590  -153.4310      2.440   1.17    0.00    0.00   0.00        723
20060111   2464604   59.3590  -153.4310      2.440   1.14    0.00    0.00   0.00        724
20060111   8493336   59.3590  -153.4310      2.440   1.49    0.00    0.00   0.00        725
20060112   5130208   59.3648  -153.4308      2.080   0.74    0.00    0.00   0.00        727
20060126  22552850   59.3605  -153.4315      2.570  -0.13    0.00    0.00   0.00        728
20060127   0560214   59.3605  -153.4315      2.570   0.18    0.00    0.00   0.00        729
20060111  10182772   59.3590  -153.4290      2.300   0.60    0.00    0.00   0.00        732
20060111   2444638   59.3583  -153.4323      2.510   0.79    0.00    0.00   0.00        734
20060111   3541168   59.3583  -153.4323      2.510   0.35    0.00    0.00   0.00        735
20060111   1404602   59.3583  -153.4323      2.510   1.20    0.00    0.00   0.00        736
20060114   1172412   59.3610  -153.4260      2.090   1.11    0.00    0.00   0.00        739
20060114   1102842   59.3610  -153.4260      2.090   1.12    0.00    0.00   0.00        740
20060114   1274080   59.3610  -153.4260      2.090   1.08    0.00    0.00   0.00        741
20060114   1064456   59.3610  -153.4260      2.090   1.11    0.00    0.00   0.00        742
20060114   1091480   59.3610  -153.4260      2.090   1.12    0.00    0.00   0.00        743
20060114   1244440   59.3610  -153.4260      2.090   1.24    0.00    0.00   0.00        744
20060114   1291514   59.3610  -153.4260      2.090   1.08    0.00    0.00   0.00        745
20060114   1305612   59.3610  -153.4260      2.090   0.94    0.00    0.00   0.00        746
20060114   1275510   59.3610  -153.4260      2.090   0.93    0.00    0.00   0.00        747
20060114   1123762   59.3610  -153.4260      2.090   1.15    0.00    0.00   0.00        748
20060114   1304224   59.3610  -153.4260      2.090   0.90    0.00    0.00   0.00        749
20060114   1144058   59.3610  -153.4260      2.090   1.25    0.00    0.00   0.00        750
20060114   1325414   59.3610  -153.4260      2.090   1.15    0.00    0.00   0.00        751
20060114   1253770   59.3610  -153.4260      2.090   1.27    0.00    0.00   0.00        752
20060114   1151136   59.3610  -153.4260      2.090   1.24    0.00    0.00   0.00        753
20060114   1122566   59.3610  -153.4260      2.090   1.19    0.00    0.00   0.00        754
20060114   1163214   59.3610  -153.4260      2.090   1.26    0.00    0.00   0.00        755
20060114   1302744   59.3610  -153.4260      2.090   1.11    0.00    0.00   0.00        756
20060114   1281914   59.3610  -153.4260      2.090   0.98    0.00    0.00   0.00        757
20060114   1135802   59.3610  -153.4260      2.090   1.15    0.00    0.00   0.00        758
20060114   1104662   59.3610  -153.4260      2.090   1.09    0.00    0.00   0.00        759
20060114   1153854   59.3610  -153.4260      2.090   1.29    0.00    0.00   0.00        760
20060114   1160920   59.3610  -153.4260      2.090   1.32    0.00    0.00   0.00        761
20060114   1105516   59.3610  -153.4260      2.090   1.03    0.00    0.00   0.00        762
20060114   1084468   59.3610  -153.4260      2.090   1.17    0.00    0.00   0.00        763
20060114   1130624   59.3610  -153.4260      2.090   1.33    0.00    0.00   0.00        764
20060114   1293748   59.3610  -153.4260      2.090   1.19    0.00    0.00   0.00        765
20060114   1285976   59.3610  -153.4260      2.090   1.18    0.00    0.00   0.00        766
20060114   1081360   59.3610  -153.4260      2.090   1.32    0.00    0.00   0.00        767
20060114   1095326   59.3610  -153.4260      2.090   1.42    0.00    0.00   0.00        768
20060114   1271998   59.3610  -153.4260      2.090   1.10    0.00    0.00   0.00        769
20060114   1133920   59.3610  -153.4260      2.090   1.41    0.00    0.00   0.00        770
20060111  10033638   59.3593  -153.4348      2.160   0.47    0.00    0.00   0.00        775
20060111   6182066   59.3593  -153.4348      2.160   1.02    0.00    0.00   0.00        776
20060112   5071638   59.3583  -153.4300      2.040   0.02    0.00    0.00   0.00        780
20060112   5250596   59.3583  -153.4300      2.040   0.01    0.00    0.00   0.00        781
20060112   5131524   59.3583  -153.4300      2.040  -0.27    0.00    0.00   0.00        782
20060112   5192178   59.3583  -153.4300      2.040  -0.07    0.00    0.00   0.00        783
20060112   5293922   59.3583  -153.4300      2.040   0.01    0.00    0.00   0.00        784
20060111   4275980   59.3598  -153.4283      2.350  -9.00    0.00    0.00   0.00        787
20060111   4233004   59.3573  -153.4273      1.850   0.04    0.00    0.00   0.00        794
20060111   3593306   59.3573  -153.4273      1.850  -0.14    0.00    0.00   0.00        795
20060111   5393564   59.3573  -153.4273      1.850   0.22    0.00    0.00   0.00        796
20060122  13095146   59.3590  -153.4282      2.390  -0.25    0.00    0.00   0.00        806
20060111   3002036   59.3600  -153.4302      2.330   0.07    0.00    0.00   0.00        810
20060111   3390718   59.3600  -153.4302      2.330  -0.06    0.00    0.00   0.00        811
20060111   4034884   59.3600  -153.4302      2.330  -0.42    0.00    0.00   0.00        812
20060111   4092304   59.3600  -153.4302      2.330   0.07    0.00    0.00   0.00        813
20060111   4274600   59.3600  -153.4302      2.330   0.34    0.00    0.00   0.00        814
20060111   7061598   59.3600  -153.4302      2.330   0.62    0.00    0.00   0.00        815
20060106   0434198   59.3578  -153.4285      2.110   0.77    0.00    0.00   0.00        817
20060111  10084374   59.3595  -153.4302      2.220   0.46    0.00    0.00   0.00        823
20060111   8401154   59.3595  -153.4302      2.220   0.60    0.00    0.00   0.00        824
20060111   6333050   59.3580  -153.4317      2.200  -0.19    0.00    0.00   0.00        829
20060111   4295548   59.3580  -153.4317      2.200  -0.18    0.00    0.00   0.00        830
20060111   3025210   59.3580  -153.4317      2.200  -0.18    0.00    0.00   0.00        831
20060111   9203638   59.3602  -153.4297      2.170   0.08    0.00    0.00   0.00        840
20060112  11025314   59.3563  -153.3945      1.820  -0.29    0.00    0.00   0.00        844
20060112  11124314   59.3563  -153.3945      1.820  -0.34    0.00    0.00   0.00        845
20060112   6584904   59.3563  -153.3945      1.820  -0.27    0.00    0.00   0.00        846
20060111  10321554   59.3610  -153.4353      1.820   0.09    0.00    0.00   0.00        848
20060111   6233780   59.3610  -153.4353      1.820   0.10    0.00    0.00   0.00        849
20060111  10274884   59.3540  -153.4253      1.820   0.88    0.00    0.00   0.00        851
20060111   5262344   59.3588  -153.4315      1.890   1.06    0.00    0.00   0.00        853
20060111   1462174   59.3582  -153.4292      2.210   0.41    0.00    0.00   0.00        855
20060103   5234442   59.3587  -153.4295      2.210  -0.20    0.00    0.00   0.00        858
20060111   2523902   59.3583  -153.4285      2.370   0.67    0.00    0.00   0.00        863
20060111   6440714   59.3603  -153.4263      2.530   0.35    0.00    0.00   0.00        865
20060103   5353258   59.3603  -153.4263      2.530   0.44    0.00    0.00   0.00        866
20060111   4590554   59.3603  -153.4263      2.530   1.36    0.00    0.00   0.00        867
20060111   3040232   59.3610  -153.4263      2.540   1.01    0.00    0.00   0.00        872
20060111   4174176   59.3610  -153.4263      2.540   1.06    0.00    0.00   0.00        873
20060111   2423328   59.3610  -153.4263      2.540   0.94    0.00    0.00   0.00        874
20060111   9531114   59.3610  -153.4263      2.540   0.95    0.00    0.00   0.00        875
20060111   3072040   59.3610  -153.4285      2.430   0.70    0.00    0.00   0.00        877
20060103   8010202   59.3583  -153.4272      2.160   0.45    0.00    0.00   0.00        881
20060103   5282374   59.3583  -153.4322      2.350   1.02    0.00    0.00   0.00        883
20060111  10080568   59.3583  -153.4322      2.350   0.42    0.00    0.00   0.00        884
20060102   7310480   59.3583  -153.4322      2.350   0.52    0.00    0.00   0.00        885
20060103   5374728   59.3590  -153.4285      2.400   0.64    0.00    0.00   0.00        887
20060111   3314306   59.3632  -153.4357      1.840   0.40    0.00    0.00   0.00        893
20060111   2355062   59.3632  -153.4357      1.840   0.83    0.00    0.00   0.00        894
20060103   7531632   59.3582  -153.4438      1.820   0.63    0.00    0.00   0.00        897
20060103   7550032   59.3582  -153.4438      1.820   0.08    0.00    0.00   0.00        898
20060111  10284946   59.3638  -153.4313      1.840  -0.35    0.00    0.00   0.00        903
20060111  12090574   59.3638  -153.4313      1.840  -0.63    0.00    0.00   0.00        904
20060111   9553688   59.3638  -153.4313      1.840  -0.36    0.00    0.00   0.00        905
20060111   7014926   59.3598  -153.4303      2.660   1.01    0.00    0.00   0.00        907
20060111   9465862   59.3598  -153.4303      2.660   1.26    0.00    0.00   0.00        908
20060111  13323672   59.3590  -153.4312      2.470   0.16    0.00    0.00   0.00        910
20060114   0511124   59.3638  -153.4282      2.760   0.75    0.00    0.00   0.00        916
20060114   0471544   59.3638  -153.4282      2.760   0.91    0.00    0.00   0.00        917
20060114   0395050   59.3638  -153.4282      2.760   0.84    0.00    0.00   0.00        918
20060114   0593014   59.3638  -153.4282      2.760   0.74    0.00    0.00   0.00        919
20060103   7534500   59.3600  -153.4298      1.880   0.28    0.00    0.00   0.00        923
20060111  10200740   59.3583  -153.4275      2.340   0.40    0.00    0.00   0.00        926
20060111   1131500   59.3600  -153.4310      2.260   0.53    0.00    0.00   0.00        932
20060111  13560378   59.3605  -153.4460      2.970   0.17    0.00    0.00   0.00        937
20060111  10250392   59.3587  -153.4333      2.190   0.97    0.00    0.00   0.00        940
20060127  19590852   59.3573  -153.4275      2.210   0.15    0.00    0.00   0.00        944
20060127   3324458   59.3573  -153.4275      2.210   0.23    0.00    0.00   0.00        945
20060127   4234912   59.3573  -153.4275      2.210   0.69    0.00    0.00   0.00        946
20060111  22043796   59.3587  -153.4247      1.840  -0.83    0.00    0.00   0.00        949
20060111   5140248   59.3590  -153.4280      1.830   1.34    0.00    0.00   0.00        952
20060111   4033788   59.3590  -153.4268      2.400  -0.30    0.00    0.00   0.00        955
20060111  10112514   59.3590  -153.4268      2.400  -0.13    0.00    0.00   0.00        956
20060111  12033282   59.3590  -153.4268      2.400   0.54    0.00    0.00   0.00        957
20060111  12575304   59.3590  -153.4268      2.400  -0.22    0.00    0.00   0.00        958
20060111   1585082   59.3590  -153.4268      2.400   0.56    0.00    0.00   0.00        959
20060112  11044746   59.3585  -153.4255      2.000  -0.31    0.00    0.00   0.00        960
20060102   7281486   59.3595  -153.4280      2.200   0.70    0.00    0.00   0.00        969
20060111   4070670   59.3572  -153.4307      1.820   0.49    0.00    0.00   0.00        971
20060112  22523514   59.3670  -153.4298      1.830  -0.00    0.00    0.00   0.00        974
20060112  20021492   59.3670  -153.4298      1.830   0.09    0.00    0.00   0.00        975
20060112  22502428   59.3670  -153.4298      1.830   0.03    0.00    0.00   0.00        976
20060112  22571790   59.3670  -153.4298      1.830   0.10    0.00    0.00   0.00        977
20060112  19472318   59.3670  -153.4298      1.830   0.03    0.00    0.00   0.00        978
20060112  22511994   59.3670  -153.4298      1.830   0.10    0.00    0.00   0.00        979
20060112  22583574   59.3670  -153.4298      1.830   0.05    0.00    0.00   0.00        980
20060112  19485824   59.3670  -153.4298      1.830   0.19    0.00    0.00   0.00        981
20060112  14452026   59.3670  -153.4298      1.830   0.20    0.00    0.00   0.00        982
20060112  19483928   59.3670  -153.4298      1.830   0.27    0.00    0.00   0.00        983
20060112  23015564   59.3670  -153.4298      1.830  -0.07    0.00    0.00   0.00        984
20060112  17071382   59.3670  -153.4298      1.830   0.23    0.00    0.00   0.00        985
20060112  22460198   59.3670  -153.4298      1.830   0.32    0.00    0.00   0.00        986
20060111   9040598   59.3612  -153.4297      2.630   0.61    0.00    0.00   0.00        988
20060111   9492090   59.3592  -153.4280      2.380   0.85    0.00    0.00   0.00        990
20060111   7021576   59.3543  -153.4292      1.840   0.03    0.00    0.00   0.00        994
20060103   5262764   59.3593  -153.4325      2.150   0.70    0.00    0.00   0.00        998
20060111   3461578   59.3592  -153.4293      2.470   0.95    0.00    0.00   0.00       1002
20060111   1564158   59.3588  -153.4272      2.430  -0.33    0.00    0.00   0.00       1006
20060106   7432608   59.3588  -153.4272      2.430   0.01    0.00    0.00   0.00       1007
20060105   3181738   59.3592  -153.4295      2.370   0.62    0.00    0.00   0.00       1011
20060102   7261906   59.3583  -153.4293      2.260   0.38    0.00    0.00   0.00       1013
20060111   9122282   59.3588  -153.4333      2.340   0.76    0.00    0.00   0.00       1015
20060111   9164702   59.3588  -153.4333      2.340   0.84    0.00    0.00   0.00       1016
20060111   5473160   59.3597  -153.4340      1.800  -0.13    0.00    0.00   0.00       1020
20060111  10174504   59.3597  -153.4340      1.800  -0.16    0.00    0.00   0.00       1021
20060111   4131318   59.3597  -153.4340      1.800  -0.15    0.00    0.00   0.00       1022
20060111   7551584   59.3578  -153.4287      2.330  -0.19    0.00    0.00   0.00       1025
20060127  11370202   59.3617  -153.4245      2.210   0.70    0.00    0.00   0.00       1027
20060126  12032336   59.3617  -153.4245      2.210   0.19    0.00    0.00   0.00       1028
20060126  12022074   59.3617  -153.4245      2.210   0.66    0.00    0.00   0.00       1029
20060111   9344326   59.3510  -153.4300      2.060   0.00    0.00    0.00   0.00       1031
20060111   4381980   59.3510  -153.4300      2.060  -0.14    0.00    0.00   0.00       1032
20060111  22295934   59.3603  -153.4248      2.460   0.20    0.00    0.00   0.00       1035
20060111  22101144   59.3603  -153.4248      2.460   0.23    0.00    0.00   0.00       1036
20060111  22204832   59.3603  -153.4248      2.460   0.08    0.00    0.00   0.00       1037
20060111  22281762   59.3603  -153.4248      2.460  -0.01    0.00    0.00   0.00       1038
20060111  22132710   59.3603  -153.4248      2.460   0.09    0.00    0.00   0.00       1039
20060103   5372826   59.3595  -153.4333      2.330  -0.54    0.00    0.00   0.00       1045
20060127  11451740   59.3597  -153.4253      1.840   0.73    0.00    0.00   0.00       1054
20060126   4483300   59.3612  -153.4182      1.820  -0.69    0.00    0.00   0.00       1060
20060126   4294978   59.3612  -153.4182      1.820  -0.54    0.00    0.00   0.00       1061
20060126   9404108   59.3612  -153.4182      1.820  -0.70    0.00    0.00   0.00       1062
20060111   9584362   59.3567  -153.4295      2.290   1.29    0.00    0.00   0.00       1067
20060111  10164970   59.3575  -153.4245      1.810   0.97    0.00    0.00   0.00       1073
20060112   6185242   59.3570  -153.4285      1.840   0.40    0.00    0.00   0.00       1080
20060112   6255814   59.3570  -153.4285      1.840   0.37    0.00    0.00   0.00       1081
20060112   5534064   59.3570  -153.4285      1.840   0.63    0.00    0.00   0.00       1082
20060112   6404964   59.3570  -153.4285      1.840   0.45    0.00    0.00   0.00       1083
20060112   5572244   59.3570  -153.4285      1.840   0.68    0.00    0.00   0.00       1084
20060112   6284236   59.3570  -153.4285      1.840   0.64    0.00    0.00   0.00       1085
20060112   5505866   59.3570  -153.4285      1.840   0.70    0.00    0.00   0.00       1086
20060112   5550396   59.3570  -153.4285      1.840   0.50    0.00    0.00   0.00       1087
20060112   6423114   59.3570  -153.4285      1.840   0.60    0.00    0.00   0.00       1088
20060112   5470386   59.3570  -153.4285      1.840   0.70    0.00    0.00   0.00       1089
20060112   5461292   59.3570  -153.4285      1.840   0.61    0.00    0.00   0.00       1090
20060112   5370080   59.3570  -153.4285      1.840   0.70    0.00    0.00   0.00       1091
20060112   6521112   59.3570  -153.4285      1.840   0.58    0.00    0.00   0.00       1092
20060112   5372904   59.3570  -153.4285      1.840   0.68    0.00    0.00   0.00       1093
20060112   6432496   59.3570  -153.4285      1.840   0.74    0.00    0.00   0.00       1094
20060112   5420306   59.3570  -153.4285      1.840   0.63    0.00    0.00   0.00       1095
20060112   6093118   59.3570  -153.4285      1.840   0.54    0.00    0.00   0.00       1096
20060112   5371508   59.3570  -153.4285      1.840   0.71    0.00    0.00   0.00       1097
20060112   5404748   59.3570  -153.4285      1.840   0.69    0.00    0.00   0.00       1098
20060112   6560766   59.3570  -153.4285      1.840   0.70    0.00    0.00   0.00       1099
20060112   5351126   59.3570  -153.4285      1.840   0.85    0.00    0.00   0.00       1100
20060112   5353740   59.3570  -153.4285      1.840   0.86    0.00    0.00   0.00       1101
20060112   5364450   59.3570  -153.4285      1.840   0.61    0.00    0.00   0.00       1102
20060112   5360526   59.3570  -153.4285      1.840   0.73    0.00    0.00   0.00       1103
20060112   7020828   59.3570  -153.4285      1.840   0.74    0.00    0.00   0.00       1104
20060112   5473708   59.3570  -153.4285      1.840   0.49    0.00    0.00   0.00       1105
20060112   5441880   59.3570  -153.4285      1.840   0.73    0.00    0.00   0.00       1106
20060112   5373992   59.3570  -153.4285      1.840   0.69    0.00    0.00   0.00       1107
20060112   6541186   59.3570  -153.4285      1.840   0.76    0.00    0.00   0.00       1108
20060112   5481188   59.3570  -153.4285      1.840   0.75    0.00    0.00   0.00       1109
20060112   7041754   59.3570  -153.4285      1.840   0.57    0.00    0.00   0.00       1110
20060112   5411460   59.3570  -153.4285      1.840   0.70    0.00    0.00   0.00       1111
20060112   5510878   59.3570  -153.4285      1.840   0.58    0.00    0.00   0.00       1112
20060112   5401466   59.3570  -153.4285      1.840   0.63    0.00    0.00   0.00       1113
20060111   1350900   59.3588  -153.4318      2.330   0.23    0.00    0.00   0.00       1118
20060111   1071014   59.3588  -153.4318      2.330  -0.11    0.00    0.00   0.00       1119
20060106  22514680   59.3588  -153.4318      2.330   0.61    0.00    0.00   0.00       1120
20060111  22125952   59.3590  -153.4142      1.810  -0.67    0.00    0.00   0.00       1122
20060111  21594818   59.3590  -153.4142      1.810  -0.72    0.00    0.00   0.00       1123
20060111  22234244   59.3590  -153.4142      1.810  -0.41    0.00    0.00   0.00       1124
20060111  21490192   59.3590  -153.4142      1.810  -0.66    0.00    0.00   0.00       1125
20060111  22332660   59.3590  -153.4142      1.810  -0.47    0.00    0.00   0.00       1126
20060111  21534350   59.3590  -153.4142      1.810  -0.58    0.00    0.00   0.00       1127
20060111  22401176   59.3590  -153.4142      1.810  -0.36    0.00    0.00   0.00       1128
20060111  22384482   59.3590  -153.4142      1.810  -0.52    0.00    0.00   0.00       1129
20060111  22195822   59.3590  -153.4142      1.810  -0.55    0.00    0.00   0.00       1130
20060111  22305918   59.3590  -153.4142      1.810  -0.59    0.00    0.00   0.00       1131
20060111  22292236   59.3590  -153.4142      1.810  -0.53    0.00    0.00   0.00       1132
20060111  22291350   59.3590  -153.4142      1.810  -0.42    0.00    0.00   0.00       1133
20060111  22175582   59.3590  -153.4142      1.810  -0.61    0.00    0.00   0.00       1134
20060111  22155130   59.3590  -153.4142      1.810  -0.32    0.00    0.00   0.00       1135
20060111  22445708   59.3590  -153.4142      1.810  -0.44    0.00    0.00   0.00       1136
20060106   7235302   59.3592  -153.4293      2.430  -0.39    0.00    0.00   0.00       1139
20060111   1112512   59.3592  -153.4293      2.430  -0.46    0.00    0.00   0.00       1140
20060103   7482454   59.3592  -153.4293      2.430  -0.29    0.00    0.00   0.00       1141
20060106   7184482   59.3592  -153.4293      2.430   0.05    0.00    0.00   0.00       1142
20060111   3033052   59.3583  -153.4362      2.430   1.35    0.00    0.00   0.00       1145
20060111  10025678   59.3583  -153.4340      2.210   0.61    0.00    0.00   0.00       1149
20060111   8490226   59.3583  -153.4340      2.210   1.27    0.00    0.00   0.00       1150
20060111   4555232   59.3583  -153.4340      2.210   1.21    0.00    0.00   0.00       1151
20060111   4343840   59.3593  -153.4308      2.400   0.15    0.00    0.00   0.00       1153
20060111  12592188   59.3678  -153.4310      1.820  -0.03    0.00    0.00   0.00       1158
20060111   2570654   59.3600  -153.4282      2.490  -0.06    0.00    0.00   0.00       1161
20060111   7510964   59.3600  -153.4282      2.490   0.32    0.00    0.00   0.00       1162
20060112   6071454   59.3642  -153.4263      1.820   0.65    0.00    0.00   0.00       1166
20060111  11030322   59.3588  -153.4317      2.270   0.45    0.00    0.00   0.00       1167
20060111  21392478   59.3600  -153.4340      1.810  -0.44    0.00    0.00   0.00       1173
20060111  22523244   59.3600  -153.4340      1.810  -0.39    0.00    0.00   0.00       1174
20060111  22324600   59.3600  -153.4340      1.810  -0.31    0.00    0.00   0.00       1175
20060111  22265196   59.3600  -153.4340      1.810  -0.24    0.00    0.00   0.00       1176
20060111  22592050   59.3600  -153.4340      1.810  -0.27    0.00    0.00   0.00       1177
20060111  22194934   59.3600  -153.4340      1.810  -0.25    0.00    0.00   0.00       1178
20060111  22425504   59.3600  -153.4340      1.810  -0.20    0.00    0.00   0.00       1179
20060111  22275198   59.3600  -153.4340      1.810  -0.32    0.00    0.00   0.00       1180
20060111  22553302   59.3600  -153.4340      1.810  -0.16    0.00    0.00   0.00       1181
20060111  22454444   59.3600  -153.4340      1.810  -0.49    0.00    0.00   0.00       1182
20060111   6183570   59.3590  -153.4300      2.100   0.41    0.00    0.00   0.00       1184
20060111   8294034   59.3588  -153.4292      2.060   1.39    0.00    0.00   0.00       1187
20060114   6440982   59.3560  -153.4495      2.410   0.97    0.00    0.00   0.00       1191
20060114   8150610   59.3560  -153.4495      2.410   0.45    0.00    0.00   0.00       1192
20060111   3115294   59.3638  -153.4328      1.820   0.64    0.00    0.00   0.00       1197
20060111  13085632   59.3638  -153.4328      1.820   1.15    0.00    0.00   0.00       1198
20060111   2065928   59.3590  -153.4295      2.230  -0.26    0.00    0.00   0.00       1202
20060111   4022316   59.3590  -153.4295      2.230  -0.37    0.00    0.00   0.00       1203
20060114  22382946   59.3613  -153.4180      1.820   0.19    0.00    0.00   0.00       1216
20060115   0435654   59.3613  -153.4180      1.820   0.33    0.00    0.00   0.00       1217
20060111   3374272   59.3670  -153.4300      1.830   0.04    0.00    0.00   0.00       1221
20060111   8323612   59.3670  -153.4300      1.830   0.04    0.00    0.00   0.00       1222
20060111   3401644   59.3582  -153.4285      2.150   0.33    0.00    0.00   0.00       1224
20060111   4582942   59.3583  -153.4290      2.140   0.24    0.00    0.00   0.00       1227
20060111   4345774   59.3583  -153.4290      2.140   0.21    0.00    0.00   0.00       1228
20060111   5311366   59.3583  -153.4290      2.140   0.79    0.00    0.00   0.00       1229
20060126  19193746   59.3585  -153.4337      2.020   1.12    0.00    0.00   0.00       1231
20060127  16281918   59.3585  -153.4337      2.020   1.10    0.00    0.00   0.00       1232
20060127   0414202   59.3642  -153.4262      2.430   0.61    0.00    0.00   0.00       1236
20060127  17234186   59.3642  -153.4262      2.430   0.02    0.00    0.00   0.00       1237
20060124  23521608   59.3642  -153.4262      2.430   0.63    0.00    0.00   0.00       1238
20060111  23182264   59.3600  -153.4302      2.230  -0.05    0.00    0.00   0.00       1253
20060111  22453394   59.3600  -153.4302      2.230  -0.11    0.00    0.00   0.00       1254
20060111  21375946   59.3600  -153.4302      2.230  -0.08    0.00    0.00   0.00       1255
20060111  22443358   59.3600  -153.4302      2.230  -0.06    0.00    0.00   0.00       1256
20060111  22001264   59.3600  -153.4302      2.230  -0.39    0.00    0.00   0.00       1257
20060111  22081852   59.3600  -153.4302      2.230  -0.24    0.00    0.00   0.00       1258
20060111  23284234   59.3600  -153.4302      2.230   0.09    0.00    0.00   0.00       1259
20060111   9563272   59.3638  -153.4345      1.870  -0.15    0.00    0.00   0.00       1263
20060111   6294832   59.3590  -153.4275      2.410   0.70    0.00    0.00   0.00       1266
20060127  11283782   59.3573  -153.4408      1.860   0.42    0.00    0.00   0.00       1270
20060127   3130880   59.3573  -153.4408      1.860   1.10    0.00    0.00   0.00       1271
20060127   0244672   59.3573  -153.4408      1.860   1.27    0.00    0.00   0.00       1272
20060126   5432094   59.3573  -153.4408      1.860   1.05    0.00    0.00   0.00       1273
20060114  16005198   59.3583  -153.4328      1.930   0.83    0.00    0.00   0.00       1275
20060111   3231096   59.3578  -153.4320      2.200   0.26    0.00    0.00   0.00       1277
20060111   4480672   59.3578  -153.4320      2.200   0.37    0.00    0.00   0.00       1278
20060111   2035804   59.3578  -153.4320      2.200   0.22    0.00    0.00   0.00       1279
20060111   4054010   59.3555  -153.4312      1.820   0.36    0.00    0.00   0.00       1282
20060111   3493084   59.3555  -153.4312      1.820   1.01    0.00    0.00   0.00       1283
20060111   8210246   59.3533  -153.4288      2.240  -0.16    0.00    0.00   0.00       1285
20060111  13055426   59.3590  -153.4305      2.200  -0.19    0.00    0.00   0.00       1287
20060123  11424702   59.3597  -153.4330      3.420  -0.09    0.00    0.00   0.00       1292
20060126  11050050   59.3597  -153.4330      3.420   0.04    0.00    0.00   0.00       1293
20060126  20365458   59.3615  -153.4297      3.130   0.37    0.00    0.00   0.00       1295
20060111   1100456   59.3605  -153.4310      2.430  -0.01    0.00    0.00   0.00       1301
20060103   5391380   59.3582  -153.4262      1.810   0.47    0.00    0.00   0.00       1304
20060111  12040102   59.3590  -153.4300      2.380   0.40    0.00    0.00   0.00       1306
20060126   4392818   59.3595  -153.4333      2.340   1.52    0.00    0.00   0.00       1307
20060127  17070226   59.3643  -153.4320      2.050   1.06    0.00    0.00   0.00       1310
20060127   9052504   59.3643  -153.4320      2.050   1.71    0.00    0.00   0.00       1311
20060126  21083470   59.3643  -153.4320      2.050   1.78    0.00    0.00   0.00       1312
20060111   4221360   59.3598  -153.4082      2.460   0.42    0.00    0.00   0.00       1315
20060111   9212948   59.3592  -153.4322      1.970   0.46    0.00    0.00   0.00       1320
20060111  10345860   59.3592  -153.4322      1.970   1.08    0.00    0.00   0.00       1321
20060111  13373024   59.3580  -153.4323      2.280   0.55    0.00    0.00   0.00       1323
20060102   7362818   59.3585  -153.4257      2.220   0.50    0.00    0.00   0.00       1327
20060102   7355982   59.3585  -153.4257      2.220   0.56    0.00    0.00   0.00       1328
20060102   7353408   59.3585  -153.4257      2.220   0.91    0.00    0.00   0.00       1329
20060102   7343606   59.3585  -153.4257      2.220   0.41    0.00    0.00   0.00       1330
20060106   0420696   59.3593  -153.4318      2.010   0.27    0.00    0.00   0.00       1333
20060111   1390050   59.3593  -153.4318      2.010  -0.02    0.00    0.00   0.00       1334
20060126   4535074   59.3582  -153.4335      2.230   1.18    0.00    0.00   0.00       1338
20060126  21264574   59.3582  -153.4335      2.230   1.17    0.00    0.00   0.00       1339
20060111   9521002   59.3602  -153.4285      2.380   0.03    0.00    0.00   0.00       1341
20060111  12083878   59.3567  -153.4273      1.960   0.60    0.00    0.00   0.00       1344
20060111   4470552   59.3567  -153.4273      1.960   0.51    0.00    0.00   0.00       1345
20060111   3184206   59.3598  -153.4197      2.850   0.24    0.00    0.00   0.00       1349
20060111  12554750   59.3598  -153.4197      2.850   0.15    0.00    0.00   0.00       1350
20060111  10381854   59.3598  -153.4197      2.850  -0.00    0.00    0.00   0.00       1351
20060111   5333430   59.3598  -153.4197      2.850   0.02    0.00    0.00   0.00       1352
20060111   6115676   59.3592  -153.4310      2.060  -0.24    0.00    0.00   0.00       1354
20060114  17261414   59.3577  -153.4317      2.220   0.35    0.00    0.00   0.00       1356
20060111  12454384   59.3590  -153.4238      2.120   0.39    0.00    0.00   0.00       1360
20060111  10071140   59.3590  -153.4238      2.120   0.15    0.00    0.00   0.00       1361
20060111   8242240   59.3590  -153.4238      2.120   0.46    0.00    0.00   0.00       1362
20060111   2081392   59.3583  -153.4360      2.300   0.94    0.00    0.00   0.00       1364
20060111   5101844   59.3640  -153.4295      2.480   0.40    0.00    0.00   0.00       1367
20060111   1442902   59.3593  -153.4323      2.490  -0.13    0.00    0.00   0.00       1369
20060111   0511526   59.3593  -153.4323      2.490   0.00    0.00    0.00   0.00       1370
20060114   0501062   59.3593  -153.4292      1.820   1.17    0.00    0.00   0.00       1374
20060128  10143962   59.3618  -153.4377      3.460   0.87    0.00    0.00   0.00       1378
20060111   3332580   59.3592  -153.4268      2.350   0.80    0.00    0.00   0.00       1381
20060102   7210458   59.3602  -153.4310      2.360  -0.40    0.00    0.00   0.00       1386
20060111   7575694   59.3592  -153.4297      2.410   1.00    0.00    0.00   0.00       1388
20060111   9311570   59.3592  -153.4297      2.410   0.80    0.00    0.00   0.00       1389
20060111  10322570   59.3592  -153.4297      2.410   0.63    0.00    0.00   0.00       1390
20060111   7033134   59.3592  -153.4297      2.410   0.63    0.00    0.00   0.00       1391
20060111   5294988   59.3587  -153.4310      2.420   1.12    0.00    0.00   0.00       1393
20060111   1571512   59.3587  -153.4310      2.420   1.02    0.00    0.00   0.00       1394
20060103   4451378   59.3598  -153.4243      2.330  -0.08    0.00    0.00   0.00       1396
20060112   4233628   59.3660  -153.4275      2.480  -0.28    0.00    0.00   0.00       1403
20060127   8170420   59.3605  -153.4240      2.390   0.40    0.00    0.00   0.00       1406
20060103   5333844   59.3595  -153.4312      2.440   0.79    0.00    0.00   0.00       1408
20060102   7200176   59.3595  -153.4312      2.440   0.01    0.00    0.00   0.00       1409
20060106   7404352   59.3595  -153.4312      2.440   1.22    0.00    0.00   0.00       1410
20060102   7270364   59.3595  -153.4312      2.440   0.53    0.00    0.00   0.00       1411
20060106   3500690   59.3602  -153.4285      2.200   0.26    0.00    0.00   0.00       1415
20060111  10001902   59.3590  -153.4273      2.360  -0.46    0.00    0.00   0.00       1417
20060114   5132396   59.3582  -153.4320      2.300  -0.08    0.00    0.00   0.00       1419
20060111   8305396   59.3603  -153.4328      2.270   0.43    0.00    0.00   0.00       1426
20060111   9291076   59.3603  -153.4328      2.270   0.38    0.00    0.00   0.00       1427
20060111   8213286   59.3603  -153.4328      2.270   0.49    0.00    0.00   0.00       1428
20060111   6202836   59.3603  -153.4328      2.270   0.52    0.00    0.00   0.00       1429
20060122  20592660   59.3598  -153.4268      2.350   0.28    0.00    0.00   0.00       1436
20060123  11051178   59.3598  -153.4268      2.350   0.77    0.00    0.00   0.00       1437
20060111  13285518   59.3585  -153.4282      2.240   1.07    0.00    0.00   0.00       1439
20060111   5214850   59.3585  -153.4282      2.240   1.32    0.00    0.00   0.00       1440
20060111  10521200   59.3585  -153.4282      2.240   1.49    0.00    0.00   0.00       1441
20060112   4231776   59.3650  -153.4047      1.840  -0.80    0.00    0.00   0.00       1443
20060111   1225456   59.3580  -153.4293      2.310   0.43    0.00    0.00   0.00       1447
20060111   4370864   59.3580  -153.4293      2.310   0.30    0.00    0.00   0.00       1448
20060111  11002398   59.3580  -153.4293      2.310   0.98    0.00    0.00   0.00       1449
20060127  16283322   59.3538  -153.4517      1.830   0.15    0.00    0.00   0.00       1453
20060127   8223156   59.3538  -153.4517      1.830   0.05    0.00    0.00   0.00       1454
20060126  11560902   59.3538  -153.4517      1.830   0.80    0.00    0.00   0.00       1455
20060111   7594200   59.3587  -153.4325      1.830   0.19    0.00    0.00   0.00       1458
20060111   1205186   59.3595  -153.4290      2.330   0.12    0.00    0.00   0.00       1460
20060111   1090696   59.3595  -153.4290      2.330   0.30    0.00    0.00   0.00       1461
20060106   7341628   59.3595  -153.4290      2.330   0.42    0.00    0.00   0.00       1462
20060111   6114578   59.3613  -153.4300      2.440   0.58    0.00    0.00   0.00       1465
20060111   1164188   59.3613  -153.4300      2.440   1.02    0.00    0.00   0.00       1466
20060111   2524964   59.3578  -153.4313      2.430  -0.01    0.00    0.00   0.00       1470
20060102   7302886   59.3592  -153.4302      2.330   0.11    0.00    0.00   0.00       1472
20060127   0305552   59.3588  -153.4342      2.180   1.42    0.00    0.00   0.00       1475
20060126   5410772   59.3525  -153.4532      1.820   0.08    0.00    0.00   0.00       1480
20060126  20582910   59.3525  -153.4532      1.820   0.06    0.00    0.00   0.00       1481
20060127   0275174   59.3525  -153.4532      1.820   0.36    0.00    0.00   0.00       1482
20060126   7422946   59.3525  -153.4532      1.820  -0.15    0.00    0.00   0.00       1483
20060126   4484126   59.3525  -153.4532      1.820   0.16    0.00    0.00   0.00       1484
20060114   8294402   59.3585  -153.4242      1.990   0.44    0.00    0.00   0.00       1487
20060102   7292796   59.3608  -153.4280      2.280   0.12    0.00    0.00   0.00       1488
20060111   5320956   59.3580  -153.4307      2.160   0.33    0.00    0.00   0.00       1492
20060111   2463526   59.3587  -153.4282      2.210  -0.39    0.00    0.00   0.00       1494
20060101  15412426   59.3573  -153.4312      2.190   0.88    0.00    0.00   0.00       1497
20060111   9281218   59.3595  -153.4357      1.820   0.10    0.00    0.00   0.00       1500
20060111  10143102   59.3582  -153.4282      2.070  -0.21    0.00    0.00   0.00       1503
20060111   1520892   59.3625  -153.4273      2.230  -0.29    0.00    0.00   0.00       1507
20060106   6435704   59.3625  -153.4273      2.230   0.13    0.00    0.00   0.00       1508
20060111   1335604   59.3625  -153.4273      2.230  -0.32    0.00    0.00   0.00       1509
20060106   7344712   59.3625  -153.4273      2.230  -0.23    0.00    0.00   0.00       1510
20060111   9493166   59.3595  -153.4272      2.340   0.12    0.00    0.00   0.00       1513
20060111  13010658   59.3595  -153.4272      2.340   0.09    0.00    0.00   0.00       1514
20060111  10401636   59.3613  -153.4313      2.790   0.83    0.00    0.00   0.00       1517
20060111   9544574   59.3613  -153.4313      2.790   0.78    0.00    0.00   0.00       1518
20060111   6211486   59.3613  -153.4313      2.790   1.24    0.00    0.00   0.00       1519
20060106   6203346   59.3607  -153.4295      2.320  -0.40    0.00    0.00   0.00       1523
20060103   5313196   59.3607  -153.4295      2.320  -0.24    0.00    0.00   0.00       1524
20060106   6205530   59.3607  -153.4295      2.320   0.07    0.00    0.00   0.00       1525
20060106   6231166   59.3607  -153.4295      2.320  -0.32    0.00    0.00   0.00       1526
20060111   4520236   59.3588  -153.4280      2.260   0.26    0.00    0.00   0.00       1528
20060111  10404076   59.3628  -153.4297      2.230   0.37    0.00    0.00   0.00       1531
20060111   6160168   59.3628  -153.4297      2.230   0.51    0.00    0.00   0.00       1532
20060111  12595574   59.3628  -153.4297      2.230   0.58    0.00    0.00   0.00       1533
20060127   0254262   59.3588  -153.4317      2.050   0.66    0.00    0.00   0.00       1539
20060126  11564540   59.3588  -153.4317      2.050   0.73    0.00    0.00   0.00       1540
20060112   9032674   59.3595  -153.4307      1.910   0.42    0.00    0.00   0.00       1543
20060111   4230682   59.3595  -153.4307      1.910   0.37    0.00    0.00   0.00       1544
20060114   2413632   59.3587  -153.4568      2.670   0.20    0.00    0.00   0.00       1546
20060114   2365010   59.3587  -153.4568      2.670   0.72    0.00    0.00   0.00       1547
20060114   6062014   59.3587  -153.4568      2.670   0.24    0.00    0.00   0.00       1548
20060114   2290536   59.3587  -153.4568      2.670   0.54    0.00    0.00   0.00       1549
20060114   9120506   59.3587  -153.4568      2.670   0.75    0.00    0.00   0.00       1550
20060111  12070848   59.3583  -153.4288      1.830   0.67    0.00    0.00   0.00       1554
20060127  11471262   59.3697  -153.4312      1.990   0.00    0.00    0.00   0.00       1556
20060111   3580878   59.3585  -153.4292      2.450  -0.11    0.00    0.00   0.00       1563
20060111   8245306   59.3585  -153.4292      2.450  -0.30    0.00    0.00   0.00       1564
20060111  12510222   59.3585  -153.4292      2.450   0.22    0.00    0.00   0.00       1565
20060111  11354570   59.3585  -153.4292      2.450   0.09    0.00    0.00   0.00       1566
20060127  17023368   59.3555  -153.4573      1.830  -0.36    0.00    0.00   0.00       1573
20060127  17084028   59.3555  -153.4573      1.830  -0.33    0.00    0.00   0.00       1574
20060127  11455148   59.3555  -153.4573      1.830  -0.09    0.00    0.00   0.00       1575
20060127  18030038   59.3555  -153.4573      1.830  -0.25    0.00    0.00   0.00       1576
20060127  17304188   59.3555  -153.4573      1.830  -0.01    0.00    0.00   0.00       1577
20060111   9400500   59.3580  -153.4297      2.110   0.69    0.00    0.00   0.00       1580
20060111  11520950   59.3585  -153.4322      2.040  -0.19    0.00    0.00   0.00       1582
20060111   7045206   59.3608  -153.4335      1.810   0.44    0.00    0.00   0.00       1586
20060111   6011490   59.3608  -153.4335      1.810   0.52    0.00    0.00   0.00       1587
20060111   4044796   59.3608  -153.4313      2.400   1.60    0.00    0.00   0.00       1589
20060112  11081360   59.3565  -153.4323      1.830  -0.32    0.00    0.00   0.00       1593
20060111  11245932   59.3580  -153.4320      2.210   1.40    0.00    0.00   0.00       1595
20060106   7485002   59.3590  -153.4265      2.260   0.28    0.00    0.00   0.00       1597
20060102   7314922   59.3590  -153.4265      2.260  -0.07    0.00    0.00   0.00       1598
20060114   6313448   59.3588  -153.4308      1.910   1.64    0.00    0.00   0.00       1599
20060111  11410652   59.3587  -153.4298      2.360   0.81    0.00    0.00   0.00       1602
20060111   9314640   59.3542  -153.4337      1.820  -0.36    0.00    0.00   0.00       1607
20060111   5222908   59.3542  -153.4337      1.820  -0.62    0.00    0.00   0.00       1608
20060106   7345574   59.3613  -153.4272      2.270   0.23    0.00    0.00   0.00       1610
20060111   2214540   59.3613  -153.4272      2.270   0.20    0.00    0.00   0.00       1611
20060111   8440916   59.3553  -153.4318      1.820  -0.13    0.00    0.00   0.00       1614
20060111   9433290   59.3553  -153.4318      1.820  -0.19    0.00    0.00   0.00       1615
20060111  12044918   59.3553  -153.4318      1.820  -0.03    0.00    0.00   0.00       1616
20060111  10260228   59.3588  -153.4283      2.050  -0.07    0.00    0.00   0.00       1623
20060111   4032032   59.3615  -153.4338      2.680   1.48    0.00    0.00   0.00       1625
20060111   3325632   59.3615  -153.4338      2.680   0.72    0.00    0.00   0.00       1626
20060111   3300452   59.3615  -153.4338      2.680   1.63    0.00    0.00   0.00       1627
20060111   1573802   59.3615  -153.4338      2.680   1.03    0.00    0.00   0.00       1628
20060106  22582886   59.3615  -153.4338      2.680   0.76    0.00    0.00   0.00       1629
20060106  22571764   59.3615  -153.4338      2.680   1.13    0.00    0.00   0.00       1630
20060103   5275446   59.3618  -153.4615      8.210   1.05    0.00    0.00   0.00       1632
20060111   4431898   59.3580  -153.4297      2.350   0.15    0.00    0.00   0.00       1634
20060111  10373086   59.3615  -153.4290      2.410   0.97    0.00    0.00   0.00       1637
20060114   8185272   59.3605  -153.4307      2.190   0.43    0.00    0.00   0.00       1642
20060114   8071940   59.3605  -153.4307      2.190   0.90    0.00    0.00   0.00       1643
20060111  12183094   59.3582  -153.4290      2.150   0.30    0.00    0.00   0.00       1645
20060111   9533472   59.3588  -153.4202      2.370   0.68    0.00    0.00   0.00       1649
20060111   9093166   59.3582  -153.4300      2.080   0.78    0.00    0.00   0.00       1663
20060111   9461244   59.3600  -153.4307      2.630  -0.26    0.00    0.00   0.00       1666
20060128   1141852   59.3663  -153.4362      2.370   0.20    0.00    0.00   0.00       1668
20060127  23475440   59.3663  -153.4362      2.370   0.19    0.00    0.00   0.00       1669
20060111   2015204   59.3590  -153.4255      1.830   0.42    0.00    0.00   0.00       1671
20060111   3323872   59.3585  -153.4283      2.200   0.70    0.00    0.00   0.00       1673
20060128  10020102   59.3583  -153.4287      2.110   1.21    0.00    0.00   0.00       1675
20060127  11343436   59.3592  -153.4298      2.060   0.30    0.00    0.00   0.00       1677
20060111   2054216   59.3588  -153.4275      1.820   0.83    0.00    0.00   0.00       1680
20060111  12095822   59.3583  -153.4295      1.820  -0.05    0.00    0.00   0.00       1686
20060127  17033466   59.3622  -153.4323      3.340   0.46    0.00    0.00   0.00       1689
20060124  23525900   59.3638  -153.4305      3.030   0.49    0.00    0.00   0.00       1691
20060126  19220852   59.3638  -153.4305      3.030   0.82    0.00    0.00   0.00       1692
20060127  17071480   59.3638  -153.4305      3.030  -0.12    0.00    0.00   0.00       1693
20060126   4365770   59.3638  -153.4305      3.030   0.80    0.00    0.00   0.00       1694
20060126   5044834   59.3638  -153.4305      3.030   0.72    0.00    0.00   0.00       1695
20060111   2084228   59.3592  -153.4303      2.270   1.07    0.00    0.00   0.00       1698
20060111   4170184   59.3592  -153.4303      2.270   0.56    0.00    0.00   0.00       1699
20060111   6110306   59.3592  -153.4303      2.270   1.06    0.00    0.00   0.00       1700
20060111   2030318   59.3592  -153.4303      2.270   0.47    0.00    0.00   0.00       1701
20060111   2334652   59.3592  -153.4303      2.270   0.76    0.00    0.00   0.00       1702
20060111   9445110   59.3638  -153.4263      2.670   1.03    0.00    0.00   0.00       1704
20060111  10391202   59.3587  -153.4315      1.800   1.21    0.00    0.00   0.00       1706
20060111   7160366   59.3590  -153.4300      2.390   0.20    0.00    0.00   0.00       1710
20060111  10481438   59.3590  -153.4300      2.390   0.30    0.00    0.00   0.00       1711
20060111   7025170   59.3623  -153.4323      2.290  -0.19    0.00    0.00   0.00       1714
20060111   4184510   59.3623  -153.4323      2.290  -0.21    0.00    0.00   0.00       1715
20060112   4363892   59.3600  -153.4287      2.270   0.78    0.00    0.00   0.00       1725
20060112   4435982   59.3600  -153.4287      2.270   0.95    0.00    0.00   0.00       1726
20060112   4495106   59.3600  -153.4287      2.270   0.69    0.00    0.00   0.00       1727
20060112   3171794   59.3600  -153.4287      2.270   0.86    0.00    0.00   0.00       1728
20060106   7363158   59.3598  -153.4307      2.510   0.11    0.00    0.00   0.00       1732
20060126  10485640   59.3602  -153.4277      1.820   1.09    0.00    0.00   0.00       1743
20060111   6280352   59.3638  -153.4318      2.960   1.39    0.00    0.00   0.00       1747
20060106   0440700   59.3585  -153.4328      2.130   1.46    0.00    0.00   0.00       1756
20060106   7472034   59.3585  -153.4328      2.130   1.36    0.00    0.00   0.00       1757
20060127  11033394   59.3663  -153.4373      2.110   0.97    0.00    0.00   0.00       1760
20060127  11135822   59.3663  -153.4373      2.110   1.37    0.00    0.00   0.00       1761
20060127   0272900   59.3663  -153.4373      2.110   1.79    0.00    0.00   0.00       1762
20060111   4523972   59.3580  -153.4330      2.040   1.03    0.00    0.00   0.00       1766
20060111   4282624   59.3580  -153.4330      2.040   1.26    0.00    0.00   0.00       1767
20060103  21312542   59.3598  -153.4310      2.200   0.15    0.00    0.00   0.00       1772
20060111   1362918   59.3587  -153.4047      2.080  -0.29    0.00    0.00   0.00       1778
20060127   8204602   59.3633  -153.4300      2.770   0.71    0.00    0.00   0.00       1780
20060127   0214692   59.3633  -153.4300      2.770   0.97    0.00    0.00   0.00       1781
20060126  23134138   59.3633  -153.4300      2.770   1.07    0.00    0.00   0.00       1782
20060127   3454522   59.3633  -153.4300      2.770   1.00    0.00    0.00   0.00       1783
20060127  16330276   59.3633  -153.4300      2.770   0.88    0.00    0.00   0.00       1784
20060126  21225648   59.3633  -153.4300      2.770   1.12    0.00    0.00   0.00       1785
20060126  19201224   59.3633  -153.4300      2.770   1.17    0.00    0.00   0.00       1786
20060126   7332634   59.3633  -153.4300      2.770   0.92    0.00    0.00   0.00       1787
20060126  21314882   59.3633  -153.4300      2.770   1.11    0.00    0.00   0.00       1788
20060127  11420600   59.3633  -153.4300      2.770   1.28    0.00    0.00   0.00       1789
20060126  21020668   59.3633  -153.4300      2.770   1.18    0.00    0.00   0.00       1790
20060126  10495380   59.3633  -153.4300      2.770   1.32    0.00    0.00   0.00       1791
20060126  12023346   59.3633  -153.4300      2.770   0.95    0.00    0.00   0.00       1792
20060127  11334304   59.3633  -153.4300      2.770   1.32    0.00    0.00   0.00       1793
20060126  19153496   59.3633  -153.4300      2.770   1.26    0.00    0.00   0.00       1794
20060127  16573000   59.3633  -153.4300      2.770   0.97    0.00    0.00   0.00       1795
20060127  11564008   59.3633  -153.4300      2.770   1.26    0.00    0.00   0.00       1796
20060127  11335912   59.3633  -153.4300      2.770   1.17    0.00    0.00   0.00       1797
20060127   4140232   59.3633  -153.4300      2.770   1.20    0.00    0.00   0.00       1798
20060127  17312150   59.3633  -153.4300      2.770   1.28    0.00    0.00   0.00       1799
20060127  17092176   59.3633  -153.4300      2.770   1.25    0.00    0.00   0.00       1800
20060127   3245322   59.3633  -153.4300      2.770   1.31    0.00    0.00   0.00       1801
20060126   9430208   59.3633  -153.4300      2.770   1.42    0.00    0.00   0.00       1802
20060127  16591242   59.3633  -153.4300      2.770   1.03    0.00    0.00   0.00       1803
20060127  11095116   59.3633  -153.4300      2.770   1.49    0.00    0.00   0.00       1804
20060106  22542724   59.3593  -153.4322      2.490   0.24    0.00    0.00   0.00       1806
20060106   7331154   59.3593  -153.4322      2.490   0.78    0.00    0.00   0.00       1807
20060111   8125594   59.3580  -153.4303      2.210   0.41    0.00    0.00   0.00       1812
20060111   2172696   59.3580  -153.4303      2.210   0.67    0.00    0.00   0.00       1813
20060111   8053228   59.3580  -153.4303      2.210   1.13    0.00    0.00   0.00       1814
20060112   3021070   59.3565  -153.4285      1.950  -0.09    0.00    0.00   0.00       1816
20060111   1553938   59.3587  -153.4313      2.340   0.26    0.00    0.00   0.00       1820
20060106   7354728   59.3587  -153.4313      2.340   0.98    0.00    0.00   0.00       1821
20060111   4373320   59.3588  -153.4292      2.270   0.87    0.00    0.00   0.00       1823
20060111   9504866   59.3588  -153.4292      2.270   1.50    0.00    0.00   0.00       1824
20060126  12011838   59.3592  -153.4320      2.200   1.50    0.00    0.00   0.00       1826
20060111   5441090   59.3590  -153.4300      2.390  -0.13    0.00    0.00   0.00       1831
20060111   4514438   59.3590  -153.4300      2.390  -0.21    0.00    0.00   0.00       1832
20060111  11580614   59.3590  -153.4300      2.390   0.20    0.00    0.00   0.00       1833
20060111   9131892   59.3582  -153.4315      2.400  -0.24    0.00    0.00   0.00       1836
20060111   9485360   59.3582  -153.4315      2.400  -0.35    0.00    0.00   0.00       1837
20060111   8414376   59.3582  -153.4315      2.400   0.15    0.00    0.00   0.00       1838
20060111   5071650   59.3522  -153.4327      2.240   0.67    0.00    0.00   0.00       1841
20060111   4272508   59.3595  -153.4293      2.340   0.74    0.00    0.00   0.00       1843
20060111   6135926   59.3583  -153.4282      2.070   1.19    0.00    0.00   0.00       1847
20060114   4560924   59.3590  -153.4308      2.120   0.72    0.00    0.00   0.00       1849
20060111  13083810   59.3578  -153.4303      2.100   0.91    0.00    0.00   0.00       1855
20060111  10310484   59.3578  -153.4303      2.100   0.89    0.00    0.00   0.00       1856
20060111  11495004   59.3578  -153.4303      2.100   0.75    0.00    0.00   0.00       1857
20060111  10460008   59.3578  -153.4303      2.100   1.49    0.00    0.00   0.00       1858
20060111  12150148   59.3578  -153.4303      2.100   0.32    0.00    0.00   0.00       1859
20060111  12084930   59.3588  -153.4305      1.830   0.58    0.00    0.00   0.00       1865
20060111  11155442   59.3588  -153.4305      1.830   0.67    0.00    0.00   0.00       1866
20060111  10225288   59.3588  -153.4305      1.830   0.99    0.00    0.00   0.00       1867
20060111  12401966   59.3588  -153.4305      1.830   0.94    0.00    0.00   0.00       1868
20060111  11564080   59.3588  -153.4305      1.830   0.38    0.00    0.00   0.00       1869
20060111  13121726   59.3588  -153.4305      1.830   1.33    0.00    0.00   0.00       1870
20060111  13043318   59.3588  -153.4305      1.830   1.23    0.00    0.00   0.00       1871
20060111  13383432   59.3588  -153.4305      1.830   1.41    0.00    0.00   0.00       1872
20060111  11061210   59.3588  -153.4305      1.830   0.86    0.00    0.00   0.00       1873
20060111   5485760   59.3605  -153.4335      2.270  -0.49    0.00    0.00   0.00       1879
20060111   8261920   59.3605  -153.4335      2.270  -0.47    0.00    0.00   0.00       1880
20060111   6212472   59.3605  -153.4335      2.270  -0.54    0.00    0.00   0.00       1881
20060111   4375926   59.3602  -153.4287      1.820  -0.10    0.00    0.00   0.00       1885
20060111   9335498   59.3602  -153.4287      1.820   0.25    0.00    0.00   0.00       1886
20060111  10232598   59.3602  -153.4287      1.820   0.26    0.00    0.00   0.00       1887
20060111   6101516   59.3602  -153.4287      1.820   0.15    0.00    0.00   0.00       1888
20060111   4133986   59.3602  -153.4287      1.820  -0.02    0.00    0.00   0.00       1889
20060111   4041280   59.3602  -153.4287      1.820  -0.16    0.00    0.00   0.00       1890
20060111  12491462   59.3602  -153.4287      1.820  -0.21    0.00    0.00   0.00       1891
20060111  11232056   59.3602  -153.4287      1.820  -0.42    0.00    0.00   0.00       1892
20060106   0432814   59.3627  -153.4315      2.690   0.13    0.00    0.00   0.00       1895
20060103   7572808   59.3587  -153.4255      1.850   0.80    0.00    0.00   0.00       1898
20060111   3315792   59.3588  -153.4268      1.830   0.91    0.00    0.00   0.00       1900
20060111   5091532   59.3600  -153.4218      1.850   0.12    0.00    0.00   0.00       1902
20060126  11501682   59.3622  -153.4537      2.100   0.99    0.00    0.00   0.00       1906
20060128   8284846   59.3622  -153.4537      2.100   0.70    0.00    0.00   0.00       1907
20060127  16495600   59.3622  -153.4537      2.100   1.49    0.00    0.00   0.00       1908
20060128   7560950   59.3622  -153.4537      2.100   1.25    0.00    0.00   0.00       1909
20060111  10130136   59.3595  -153.4272      2.250   0.25    0.00    0.00   0.00       1912
20060111   2502398   59.3595  -153.4272      2.250   0.29    0.00    0.00   0.00       1913
20060111  12114084   59.3595  -153.4272      2.250   0.33    0.00    0.00   0.00       1914
20060111   5391680   59.3595  -153.4272      2.250   0.34    0.00    0.00   0.00       1915
20060112   5220820   59.3588  -153.4325      1.820   0.75    0.00    0.00   0.00       1920
20060112   5595384   59.3592  -153.4328      2.390   0.15    0.00    0.00   0.00       1923
20060112   6043754   59.3592  -153.4328      2.390   0.16    0.00    0.00   0.00       1924
20060112   6084986   59.3592  -153.4328      2.390   0.18    0.00    0.00   0.00       1925
20060112   6070530   59.3592  -153.4328      2.390   0.15    0.00    0.00   0.00       1926
20060112   6050882   59.3592  -153.4328      2.390   0.24    0.00    0.00   0.00       1927
20060112   6023746   59.3592  -153.4328      2.390   0.23    0.00    0.00   0.00       1928
20060112   6173100   59.3592  -153.4328      2.390   0.11    0.00    0.00   0.00       1929
20060112   6143810   59.3592  -153.4328      2.390   0.16    0.00    0.00   0.00       1930
20060112   5582178   59.3592  -153.4328      2.390   0.21    0.00    0.00   0.00       1931
20060112   6015828   59.3592  -153.4328      2.390   0.21    0.00    0.00   0.00       1932
20060112   6003752   59.3592  -153.4328      2.390   0.13    0.00    0.00   0.00       1933
20060112   6213388   59.3592  -153.4328      2.390   0.18    0.00    0.00   0.00       1934
20060112   5503426   59.3592  -153.4328      2.390   0.24    0.00    0.00   0.00       1935
20060112   6123774   59.3592  -153.4328      2.390   0.26    0.00    0.00   0.00       1936
20060112   6012190   59.3592  -153.4328      2.390   0.12    0.00    0.00   0.00       1937
20060112   6232970   59.3592  -153.4328      2.390   0.11    0.00    0.00   0.00       1938
20060112   5544970   59.3592  -153.4328      2.390   0.19    0.00    0.00   0.00       1939
20060112   6091706   59.3592  -153.4328      2.390   0.26    0.00    0.00   0.00       1940
20060112   5444222   59.3592  -153.4328      2.390   0.30    0.00    0.00   0.00       1941
20060112   5530742   59.3592  -153.4328      2.390   0.23    0.00    0.00   0.00       1942
20060112   5561636   59.3592  -153.4328      2.390   0.24    0.00    0.00   0.00       1943
20060112   5513102   59.3592  -153.4328      2.390   0.29    0.00    0.00   0.00       1944
20060112   6243510   59.3592  -153.4328      2.390   0.09    0.00    0.00   0.00       1945
20060112   6114126   59.3592  -153.4328      2.390   0.24    0.00    0.00   0.00       1946
20060112   6161612   59.3592  -153.4328      2.390   0.07    0.00    0.00   0.00       1947
20060112   5574408   59.3592  -153.4328      2.390   0.30    0.00    0.00   0.00       1948
20060112   6272222   59.3592  -153.4328      2.390   0.08    0.00    0.00   0.00       1949
20060112   6100532   59.3592  -153.4328      2.390   0.27    0.00    0.00   0.00       1950
20060112   6342804   59.3592  -153.4328      2.390   0.11    0.00    0.00   0.00       1951
20060112   6201260   59.3592  -153.4328      2.390   0.10    0.00    0.00   0.00       1952
20060112   6060314   59.3592  -153.4328      2.390   0.23    0.00    0.00   0.00       1953
20060112   5535846   59.3592  -153.4328      2.390   0.23    0.00    0.00   0.00       1954
20060112   6382426   59.3592  -153.4328      2.390   0.14    0.00    0.00   0.00       1955
20060112   6362968   59.3592  -153.4328      2.390   0.13    0.00    0.00   0.00       1956
20060112   5553884   59.3592  -153.4328      2.390   0.25    0.00    0.00   0.00       1957
20060112   6021678   59.3592  -153.4328      2.390   0.23    0.00    0.00   0.00       1958
20060112   6120860   59.3592  -153.4328      2.390   0.27    0.00    0.00   0.00       1959
20060112   6315146   59.3592  -153.4328      2.390   0.14    0.00    0.00   0.00       1960
20060112   5484344   59.3592  -153.4328      2.390   0.21    0.00    0.00   0.00       1961
20060112   5500866   59.3592  -153.4328      2.390   0.35    0.00    0.00   0.00       1962
20060112   5450528   59.3592  -153.4328      2.390   0.33    0.00    0.00   0.00       1963
20060112   6052480   59.3592  -153.4328      2.390   0.18    0.00    0.00   0.00       1964
20060112   6104258   59.3592  -153.4328      2.390   0.30    0.00    0.00   0.00       1965
20060112   5515946   59.3592  -153.4328      2.390   0.32    0.00    0.00   0.00       1966
20060112   6102434   59.3592  -153.4328      2.390   0.26    0.00    0.00   0.00       1967
20060112   5563792   59.3592  -153.4328      2.390   0.31    0.00    0.00   0.00       1968
20060112   5521882   59.3592  -153.4328      2.390   0.23    0.00    0.00   0.00       1969
20060112   5493922   59.3592  -153.4328      2.390   0.32    0.00    0.00   0.00       1970
20060112   5435094   59.3592  -153.4328      2.390   0.33    0.00    0.00   0.00       1971
20060112   5565960   59.3592  -153.4328      2.390   0.34    0.00    0.00   0.00       1972
20060112   5551930   59.3592  -153.4328      2.390   0.24    0.00    0.00   0.00       1973
20060112   6110760   59.3592  -153.4328      2.390   0.33    0.00    0.00   0.00       1974
20060112   5455974   59.3592  -153.4328      2.390   0.35    0.00    0.00   0.00       1975
20060112   5463280   59.3592  -153.4328      2.390   0.30    0.00    0.00   0.00       1976
20060112   5555684   59.3592  -153.4328      2.390   0.30    0.00    0.00   0.00       1977
20060112   5432554   59.3592  -153.4328      2.390   0.28    0.00    0.00   0.00       1978
20060112   5472418   59.3592  -153.4328      2.390   0.28    0.00    0.00   0.00       1979
20060112   5542590   59.3592  -153.4328      2.390   0.42    0.00    0.00   0.00       1980
20060112   5400386   59.3592  -153.4328      2.390   0.35    0.00    0.00   0.00       1981
20060112   5454056   59.3592  -153.4328      2.390   0.25    0.00    0.00   0.00       1982
20060112   5412762   59.3592  -153.4328      2.390   0.32    0.00    0.00   0.00       1983
20060112   6482566   59.3592  -153.4328      2.390   0.20    0.00    0.00   0.00       1984
20060112   6074226   59.3592  -153.4328      2.390   0.33    0.00    0.00   0.00       1985
20060112   5492016   59.3592  -153.4328      2.390   0.17    0.00    0.00   0.00       1986
20060112   5475370   59.3592  -153.4328      2.390   0.20    0.00    0.00   0.00       1987
20060112   6443668   59.3592  -153.4328      2.390   0.26    0.00    0.00   0.00       1988
20060112   5422434   59.3592  -153.4328      2.390   0.34    0.00    0.00   0.00       1989
20060112   6293696   59.3592  -153.4328      2.390   0.40    0.00    0.00   0.00       1990
20060112   6135364   59.3592  -153.4328      2.390   0.41    0.00    0.00   0.00       1991
20060112   5393030   59.3592  -153.4328      2.390   0.38    0.00    0.00   0.00       1992
20060112   5382676   59.3592  -153.4328      2.390   0.39    0.00    0.00   0.00       1993
20060112   5375374   59.3592  -153.4328      2.390   0.28    0.00    0.00   0.00       1994
20060112   5425768   59.3592  -153.4328      2.390   0.39    0.00    0.00   0.00       1995
20060112   6525912   59.3592  -153.4328      2.390   0.30    0.00    0.00   0.00       1996
20060112   5390248   59.3592  -153.4328      2.390   0.37    0.00    0.00   0.00       1997
20060112   5410390   59.3592  -153.4328      2.390   0.34    0.00    0.00   0.00       1998
20060112   5403364   59.3592  -153.4328      2.390   0.35    0.00    0.00   0.00       1999
20060112   6462564   59.3592  -153.4328      2.390   0.31    0.00    0.00   0.00       2000
20060112   5414982   59.3592  -153.4328      2.390   0.24    0.00    0.00   0.00       2001
20060112   6080632   59.3592  -153.4328      2.390   0.47    0.00    0.00   0.00       2002
20060112   5413862   59.3592  -153.4328      2.390   0.20    0.00    0.00   0.00       2003
20060112   6504474   59.3592  -153.4328      2.390   0.31    0.00    0.00   0.00       2004
20060112   5363294   59.3592  -153.4328      2.390   0.26    0.00    0.00   0.00       2005
20060112   5423490   59.3592  -153.4328      2.390   0.18    0.00    0.00   0.00       2006
20060112   5440408   59.3592  -153.4328      2.390   0.18    0.00    0.00   0.00       2007
20060112   5464576   59.3592  -153.4328      2.390   0.19    0.00    0.00   0.00       2008
20060112   5523004   59.3592  -153.4328      2.390   0.14    0.00    0.00   0.00       2009
20060112   5452576   59.3592  -153.4328      2.390   0.18    0.00    0.00   0.00       2010
20060111   9393340   59.3598  -153.4320      2.080   1.64    0.00    0.00   0.00       2012
20060111   9124598   59.3598  -153.4320      2.080   1.83    0.00    0.00   0.00       2013
20060111  18530770   59.3585  -153.4290      2.260   0.74    0.00    0.00   0.00       2016
20060111  17302764   59.3585  -153.4290      2.260   1.16    0.00    0.00   0.00       2017
20060111  16364008   59.3585  -153.4290      2.260   0.95    0.00    0.00   0.00       2018
20060111  15440888   59.3585  -153.4290      2.260   1.19    0.00    0.00   0.00       2019
20060128  18133910   59.3553  -153.4343      2.580   0.64    0.00    0.00   0.00       2023
20060111   6273712   59.3597  -153.4303      2.580   0.16    0.00    0.00   0.00       2025
20060127  19192634   59.3595  -153.4572      1.820   0.14    0.00    0.00   0.00       2027
20060127  20244666   59.3595  -153.4572      1.820   0.31    0.00    0.00   0.00       2028
20060127  14253878   59.3595  -153.4572      1.820   0.41    0.00    0.00   0.00       2029
20060127  20191566   59.3595  -153.4572      1.820   0.41    0.00    0.00   0.00       2030
20060127  21440084   59.3595  -153.4572      1.820   0.35    0.00    0.00   0.00       2031
20060127  22191028   59.3595  -153.4572      1.820   0.37    0.00    0.00   0.00       2032
20060127  21045598   59.3595  -153.4572      1.820   0.52    0.00    0.00   0.00       2033
20060127  18142202   59.3595  -153.4572      1.820   0.57    0.00    0.00   0.00       2034
20060127  21574924   59.3595  -153.4572      1.820   0.47    0.00    0.00   0.00       2035
20060127  17594816   59.3595  -153.4572      1.820   0.55    0.00    0.00   0.00       2036
20060127  22490976   59.3595  -153.4572      1.820   0.27    0.00    0.00   0.00       2037
20060127  21152360   59.3595  -153.4572      1.820   0.39    0.00    0.00   0.00       2038
20060127  19400774   59.3595  -153.4572      1.820   0.62    0.00    0.00   0.00       2039
20060127  22443338   59.3595  -153.4572      1.820   0.62    0.00    0.00   0.00       2040
20060127  23040468   59.3595  -153.4572      1.820   0.51    0.00    0.00   0.00       2041
20060111   1474822   59.3585  -153.4308      2.320   0.57    0.00    0.00   0.00       2043
20060106   7410174   59.3587  -153.4278      2.410   0.54    0.00    0.00   0.00       2046
20060111   8004724   59.3587  -153.4278      2.410   0.42    0.00    0.00   0.00       2047
20060111   4545570   59.3587  -153.4278      2.410   0.33    0.00    0.00   0.00       2048
20060111   7472462   59.3587  -153.4278      2.410   0.71    0.00    0.00   0.00       2049
20060111   1242328   59.3587  -153.4278      2.410   0.21    0.00    0.00   0.00       2050
20060111  13322792   59.3587  -153.4278      2.410   0.31    0.00    0.00   0.00       2051
20060111   9581218   59.3587  -153.4278      2.410   0.82    0.00    0.00   0.00       2052
20060111   6095678   59.3598  -153.4305      2.410   0.33    0.00    0.00   0.00       2055
20060111  11322340   59.3598  -153.4305      2.410   0.23    0.00    0.00   0.00       2056
20060111   5565774   59.3598  -153.4305      2.410   1.07    0.00    0.00   0.00       2057
20060127  11280388   59.3543  -153.4500      1.820   0.71    0.00    0.00   0.00       2063
20060127  17262538   59.3543  -153.4500      1.820   0.88    0.00    0.00   0.00       2064
20060203  18445498   59.3510  -153.4418      7.780   1.27    0.00    0.00   0.00       2071
20060203   2223588   59.3510  -153.4418      7.780   1.35    0.00    0.00   0.00       2072
20060203  20395316   59.3510  -153.4418      7.780   1.42    0.00    0.00   0.00       2073
20060203  20202142   59.3510  -153.4418      7.780   1.03    0.00    0.00   0.00       2074
20060203  19141932   59.3510  -153.4418      7.780   1.85    0.00    0.00   0.00       2075
20060204   0114508   59.3510  -153.4418      7.780   0.83    0.00    0.00   0.00       2076
20060203  20325532   59.3510  -153.4418      7.780   1.53    0.00    0.00   0.00       2077
20060203  23140296   59.3510  -153.4418      7.780   1.61    0.00    0.00   0.00       2078
20060203   2130716   59.3510  -153.4418      7.780   1.22    0.00    0.00   0.00       2079
20060203  18415206   59.3510  -153.4418      7.780   2.13    0.00    0.00   0.00       2080
20060203   1041366   59.3510  -153.4418      7.780   1.83    0.00    0.00   0.00       2081
20060204   1010050   59.3510  -153.4418      7.780   0.78    0.00    0.00   0.00       2082
20060203   4205260   59.3510  -153.4418      7.780   1.47    0.00    0.00   0.00       2083
20060203  23490440   59.3510  -153.4418      7.780   1.56    0.00    0.00   0.00       2084
