     0.000  5.1000  2.8300
     1.000  5.1000  2.8300
     1.500  5.1000  2.8300
     1.500  6.4000  3.7200
     2.000  6.4000  3.7200
     3.000  6.4000  3.7200
     4.000  6.4000  3.7200
     5.000  6.4000  3.7200
     6.000  6.4000  3.7200
     7.000  6.4000  3.7200
     8.000  6.4000  3.7200
     9.000  6.4000  3.7200
    10.000  6.4000  3.7200
    11.000  6.4000  3.7200
    12.000  6.4000  3.7200
    13.000  6.4000  3.7200
    14.000  6.4000  3.7200
    15.000  6.4000  3.7200
    16.000  6.4000  3.7200
    17.000  6.4000  3.7200
    18.000  6.4000  3.7200
    19.000  6.4000  3.7200
    20.000  6.4000  3.7200
    21.000  6.4000  3.7200
    22.000  6.4000  3.7200
    23.000  6.4000  3.7200
    24.000  6.4000  3.7200
    25.000  6.4000  3.7200
    26.000  6.4000  3.7200
