     0.000  5.5000  3.4400
     0.250  5.5000  3.4400
     0.500  5.5000  3.4400
     0.750  5.5000  3.4400
     1.000  5.5000  3.4400
     1.250  5.5000  3.4400
     1.500  5.5000  3.4400
     1.750  5.5000  3.4400
     2.000  5.5000  3.4400
     2.000  6.0000  3.7500
     2.250  6.0000  3.7500
     2.500  6.0000  3.7500
     2.750  6.0000  3.7500
     3.000  6.0000  3.7500
     3.250  6.0000  3.7500
     3.500  6.0000  3.7500
     3.750  6.0000  3.7500
     4.000  6.0000  3.7500
     4.250  6.0000  3.7500
     4.500  6.0000  3.7500
     4.750  6.0000  3.7500
     5.000  6.0000  3.7500
     5.250  6.0000  3.7500
     5.500  6.0000  3.7500
     5.750  6.0000  3.7500
     6.000  6.0000  3.7500
     6.250  6.0000  3.7500
     6.500  6.0000  3.7500
     6.750  6.0000  3.7500
     7.000  6.0000  3.7500
     7.250  6.0000  3.7500
     7.500  6.0000  3.7500
     7.750  6.0000  3.7500
     8.000  6.0000  3.7500
     8.250  6.0000  3.7500
     8.500  6.0000  3.7500
     8.750  6.0000  3.7500
     9.000  6.0000  3.7500
     9.250  6.0000  3.7500
     9.500  6.0000  3.7500
     9.750  6.0000  3.7500
    10.000  6.0000  3.7500
    10.250  6.0000  3.7500
    10.500  6.0000  3.7500
    10.750  6.0000  3.7500
    11.000  6.0000  3.7500
    11.250  6.0000  3.7500
    11.500  6.0000  3.7500
    11.750  6.0000  3.7500
    12.000  6.0000  3.7500
    12.250  6.0000  3.7500
    12.500  6.0000  3.7500
    12.750  6.0000  3.7500
    13.000  6.0000  3.7500
    13.250  6.0000  3.7500
    13.500  6.0000  3.7500
    13.750  6.0000  3.7500
    14.000  6.0000  3.7500
    14.250  6.0000  3.7500
    14.500  6.0000  3.7500
    14.750  6.0000  3.7500
    15.000  6.0000  3.7500
    15.250  6.0000  3.7500
    15.500  6.0000  3.7500
    15.750  6.0000  3.7500
    16.000  6.0000  3.7500
    16.250  6.0000  3.7500
    16.500  6.0000  3.7500
    16.750  6.0000  3.7500
    17.000  6.0000  3.7500
    17.250  6.0000  3.7500
    17.500  6.0000  3.7500
    17.750  6.0000  3.7500
    18.000  6.0000  3.7500
    18.250  6.0000  3.7500
    18.500  6.0000  3.7500
    18.750  6.0000  3.7500
    19.000  6.0000  3.7500
    19.250  6.0000  3.7500
    19.500  6.0000  3.7500
    19.750  6.0000  3.7500
    20.000  6.0000  3.7500
    20.250  6.0000  3.7500
    20.500  6.0000  3.7500
    20.750  6.0000  3.7500
    21.000  6.0000  3.7500
    21.250  6.0000  3.7500
    21.500  6.0000  3.7500
    21.750  6.0000  3.7500
    22.000  6.0000  3.7500
    22.250  6.0000  3.7500
    22.500  6.0000  3.7500
    22.750  6.0000  3.7500
    23.000  6.0000  3.7500
    23.250  6.0000  3.7500
    23.500  6.0000  3.7500
    23.750  6.0000  3.7500
    24.000  6.0000  3.7500
    24.250  6.0000  3.7500
    24.500  6.0000  3.7500
    24.750  6.0000  3.7500
    25.000  6.0000  3.7500
    25.000  6.1000  3.8100
    25.250  6.1000  3.8100
    25.500  6.1000  3.8100
    25.750  6.1000  3.8100
    26.000  6.1000  3.8100
    26.250  6.1000  3.8100
    26.500  6.1000  3.8100
    26.750  6.1000  3.8100
    27.000  6.1000  3.8100
    27.250  6.1000  3.8100
    27.500  6.1000  3.8100
    27.750  6.1000  3.8100
    28.000  6.1000  3.8100
    28.250  6.1000  3.8100
    28.500  6.1000  3.8100
    28.750  6.1000  3.8100
    29.000  6.1000  3.8100
    29.250  6.1000  3.8100
    29.500  6.1000  3.8100
    29.750  6.1000  3.8100
    30.000  6.1000  3.8100
    30.000  6.2000  3.8800
    30.250  6.2000  3.8800
    30.500  6.2000  3.8800
    30.750  6.2000  3.8800
    31.000  6.2000  3.8800
    31.250  6.2000  3.8800
    31.500  6.2000  3.8800
    31.750  6.2000  3.8800
    32.000  6.2000  3.8800
    32.250  6.2000  3.8800
    32.500  6.2000  3.8800
    32.750  6.2000  3.8800
    33.000  6.2000  3.8800
    33.250  6.2000  3.8800
    33.500  6.2000  3.8800
    33.750  6.2000  3.8800
    34.000  6.2000  3.8800
    34.250  6.2000  3.8800
    34.500  6.2000  3.8800
    34.750  6.2000  3.8800
    35.000  6.2000  3.8800
    35.250  6.2000  3.8800
    35.500  6.2000  3.8800
    35.750  6.2000  3.8800
    36.000  6.2000  3.8800
    36.250  6.2000  3.8800
    36.500  6.2000  3.8800
    36.750  6.2000  3.8800
    37.000  6.2000  3.8800
    37.250  6.2000  3.8800
    37.500  6.2000  3.8800
    37.750  6.2000  3.8800
    38.000  6.2000  3.8800
    38.250  6.2000  3.8800
    38.500  6.2000  3.8800
    38.750  6.2000  3.8800
    39.000  6.2000  3.8800
    39.250  6.2000  3.8800
    39.500  6.2000  3.8800
    39.750  6.2000  3.8800
    40.000  6.2000  3.8800
    40.250  6.2000  3.8800
    40.500  6.2000  3.8800
    40.750  6.2000  3.8800
    41.000  6.2000  3.8800
    41.250  6.2000  3.8800
    41.500  6.2000  3.8800
    41.750  6.2000  3.8800
    42.000  6.2000  3.8800
    42.250  6.2000  3.8800
    42.500  6.2000  3.8800
    42.750  6.2000  3.8800
    43.000  6.2000  3.8800
    43.250  6.2000  3.8800
    43.500  6.2000  3.8800
    43.750  6.2000  3.8800
    44.000  6.2000  3.8800
    44.250  6.2000  3.8800
    44.500  6.2000  3.8800
    44.750  6.2000  3.8800
    45.000  6.2000  3.8800
    45.250  6.2000  3.8800
    45.500  6.2000  3.8800
    45.750  6.2000  3.8800
    46.000  6.2000  3.8800
    46.250  6.2000  3.8800
    46.500  6.2000  3.8800
    46.750  6.2000  3.8800
    47.000  6.2000  3.8800
    47.250  6.2000  3.8800
    47.500  6.2000  3.8800
    47.750  6.2000  3.8800
    48.000  6.2000  3.8800
    48.250  6.2000  3.8800
    48.500  6.2000  3.8800
    48.750  6.2000  3.8800
    49.000  6.2000  3.8800
    49.250  6.2000  3.8800
    49.500  6.2000  3.8800
    49.750  6.2000  3.8800
    50.000  6.2000  3.8800
