2021  6 23 11 52 52.320  52.07350 -176.11730   5.240    0.00  0.000  0.000  0.000   1
2021  7 14  9 49 52.280  52.07350 -176.11730   5.240    0.00  0.000  0.000  0.000   2
2021  7 24  8 42  2.960  52.07350 -176.11730   5.240    0.00  0.000  0.000  0.000   3
2021  7 18 10 34 28.320  52.00480 -176.12920  12.710    0.00  0.000  0.000  0.000   4
2021  6 23  1 23 45.380  52.05820 -176.09520  -1.760    0.00  0.000  0.000  0.000   5
2021  6 12 16 30 32.640  52.02770 -176.06850   5.370    0.00  0.000  0.000  0.000   6
2021  7 27 16 30 16.240  52.07450 -176.13220   7.520    0.00  0.000  0.000  0.000   7
2021  6 17 10 42 23.880  52.05900 -176.07100  12.380    0.00  0.000  0.000  0.000   8
2021  7 14 18 35  4.080  52.07570 -176.10620   6.140    0.00  0.000  0.000  0.000   9
2021  7 17 17 10 59.740  52.06970 -176.11300   4.590    0.00  0.000  0.000  0.000  10
2021  7 24  6  6 26.700  52.06970 -176.11300   4.590    0.00  0.000  0.000  0.000  11
2021  7 24  6  1 49.720  52.06970 -176.11300   4.590    0.00  0.000  0.000  0.000  12
2021  7 24  7 31 10.340  52.06970 -176.11300   4.590    0.00  0.000  0.000  0.000  13
2021  7 14  6 43  4.700  52.06970 -176.11300   4.590    0.00  0.000  0.000  0.000  14
2021  6 23  0 40 18.660  52.06970 -176.11300   4.590    0.00  0.000  0.000  0.000  15
2021  7 14  9 11 50.000  52.05750 -176.06870   8.390    0.00  0.000  0.000  0.000  16
2021  7 24 23 36 16.100  52.07870 -176.12330   4.860    0.00  0.000  0.000  0.000  17
2021  6 21 21  8 34.980  52.05070 -176.05520   8.000    0.00  0.000  0.000  0.000  18
2021  6 21  8 11 28.120  52.05070 -176.05520   8.000    0.00  0.000  0.000  0.000  19
2021  6 22 18  9 58.520  52.05070 -176.05520   8.000    0.00  0.000  0.000  0.000  20
2021  6 24  3 26  0.560  52.05070 -176.05520   8.000    0.00  0.000  0.000  0.000  21
2021  6 22  0  6 31.920  52.05070 -176.05520   8.000    0.00  0.000  0.000  0.000  22
2021  6 22  3 56  0.880  52.05070 -176.05520   8.000    0.00  0.000  0.000  0.000  23
2021  6 22 14 10 56.780  52.05070 -176.05520   8.000    0.00  0.000  0.000  0.000  24
2021  6 22 18 20 42.680  52.05070 -176.05520   8.000    0.00  0.000  0.000  0.000  25
2021  6 23  0 26 41.060  52.05070 -176.05520   8.000    0.00  0.000  0.000  0.000  26
2021  6 22 10 33  6.840  52.05070 -176.05520   8.000    0.00  0.000  0.000  0.000  27
2021  6 20 19 48  7.320  52.05070 -176.05520   8.000    0.00  0.000  0.000  0.000  28
2021  6 24  5  1 47.960  52.05070 -176.05520   8.000    0.00  0.000  0.000  0.000  29
2021  7 22 23  2 25.060  52.07170 -176.10930   5.100    0.00  0.000  0.000  0.000  30
2021  7 24  4 39 14.700  52.06900 -176.08320  10.780    0.00  0.000  0.000  0.000  31
2021  7 27  5 34 10.360  52.10850 -176.18000   9.720    0.00  0.000  0.000  0.000  32
2021  7 13 12 23 27.060  51.90500 -176.03730  11.060    0.00  0.000  0.000  0.000  33
2021  6 21 21 55 14.260  51.88980 -176.12320  12.400    0.00  0.000  0.000  0.000  34
2021  7 22  7 38 11.800  52.00800 -176.13020  12.200    0.00  0.000  0.000  0.000  35
2021  7 11 10 27  4.640  52.06480 -176.11450   6.140    0.00  0.000  0.000  0.000  36
2021  7 13  8 53  4.480  52.07180 -176.12470   6.220    0.00  0.000  0.000  0.000  37
2021  7 14  9 14 18.740  52.07950 -176.08820   8.430    0.00  0.000  0.000  0.000  38
2021  6 29  6 11  9.680  52.08630 -176.14830   6.710    0.00  0.000  0.000  0.000  39
2021  7 25 17 29 51.660  52.06970 -176.10600   3.410    0.00  0.000  0.000  0.000  40
2021  7  9 23 14  7.860  52.06520 -176.12120   5.350    0.00  0.000  0.000  0.000  41
2021  7 25 20 52 56.120  52.07080 -176.12250   6.930    0.00  0.000  0.000  0.000  42
2021  7 25 20 24 16.480  52.07080 -176.12250   6.930    0.00  0.000  0.000  0.000  43
2021  6 23  0 23 31.180  52.07170 -176.10280   2.830    0.00  0.000  0.000  0.000  44
2021  7 24  0 53 12.640  52.06000 -176.09620   5.530    0.00  0.000  0.000  0.000  45
2021  7 21 15 54 51.420  52.06450 -176.12970  10.760    0.00  0.000  0.000  0.000  46
2021  7 10 18 44 39.360  52.09730 -176.15080  30.500    0.00  0.000  0.000  0.000  47
2021  7 13 22 38 16.820  52.05070 -176.13300   7.020    0.00  0.000  0.000  0.000  48
2021  7 14  0 32 53.780  52.05070 -176.13300   7.020    0.00  0.000  0.000  0.000  49
2021  7 14  1 51  2.760  52.05070 -176.13300   7.020    0.00  0.000  0.000  0.000  50
2021  7 13 23 49 44.180  52.05070 -176.13300   7.020    0.00  0.000  0.000  0.000  51
2021  7 13 22 12 56.700  52.05070 -176.13300   7.020    0.00  0.000  0.000  0.000  52
2021  7 13 22 56 45.140  52.05070 -176.13300   7.020    0.00  0.000  0.000  0.000  53
2021  7 14 12 48 45.580  52.05070 -176.13300   7.020    0.00  0.000  0.000  0.000  54
2021  7 14  9 57 22.060  52.05070 -176.13300   7.020    0.00  0.000  0.000  0.000  55
2021  7  8 17 27 50.840  52.08270 -176.12600   7.630    0.00  0.000  0.000  0.000  56
2021  7 27  9  4 30.300  52.05200 -176.05420   7.960    0.00  0.000  0.000  0.000  57
2021  7 14  2 22  0.740  52.05300 -176.16830   7.500    0.00  0.000  0.000  0.000  58
2021  6 22 18 18 24.620  52.03530 -176.06150   5.290    0.00  0.000  0.000  0.000  59
2021  6 11  4 53 53.820  52.06070 -176.05550   8.470    0.00  0.000  0.000  0.000  60
2021  6 11 19 23 46.560  52.06070 -176.05550   8.470    0.00  0.000  0.000  0.000  61
2021  7 14 16 24 39.420  52.06870 -176.13450   4.330    0.00  0.000  0.000  0.000  62
2021  7 25 17 26 49.520  52.06870 -176.13450   4.330    0.00  0.000  0.000  0.000  63
2021  7 26 14 39 38.760  52.07020 -176.09280   6.590    0.00  0.000  0.000  0.000  64
2021  7 24 10 13 37.420  52.07020 -176.09280   6.590    0.00  0.000  0.000  0.000  65
2021  7 25 20 44 59.100  52.07020 -176.09280   6.590    0.00  0.000  0.000  0.000  66
2021  7  8 19 17 50.620  52.07750 -176.12000   4.550    0.00  0.000  0.000  0.000  67
2021  7  8 18 17  0.720  52.06920 -176.12530   5.270    0.00  0.000  0.000  0.000  68
2021  6 25 18 36 31.620  52.05780 -176.10770   7.890    0.00  0.000  0.000  0.000  69
2021  6 18  6 58 10.980  52.07420 -176.13970   8.660    0.00  0.000  0.000  0.000  70
2021  7 12  1  2  2.260  52.06770 -176.05570  10.850    0.00  0.000  0.000  0.000  71
2021  7 14 11 45 32.880  52.06770 -176.05570  10.850    0.00  0.000  0.000  0.000  72
2021  7 14 12 38  4.180  52.06770 -176.05570  10.850    0.00  0.000  0.000  0.000  73
2021  7 14 12 24 41.320  52.06770 -176.05570  10.850    0.00  0.000  0.000  0.000  74
2021  7 24 20 37 46.220  52.06400 -176.12580   5.720    0.00  0.000  0.000  0.000  75
2021  7 22  7 39 34.620  52.00650 -176.08250  -1.800    0.00  0.000  0.000  0.000  76
2021  7 27  1 12 30.420  52.05630 -175.98300   5.010    0.00  0.000  0.000  0.000  77
2021  7 24  0  5 47.100  52.01470 -176.21330  12.890    0.00  0.000  0.000  0.000  78
2021  6 23  1 23  2.820  52.07870 -176.10530   9.180    0.00  0.000  0.000  0.000  79
2021  6 23  0 36 20.540  52.07870 -176.10530   9.180    0.00  0.000  0.000  0.000  80
2021  6 23  0 35 52.260  52.07870 -176.10530   9.180    0.00  0.000  0.000  0.000  81
2021  7 14 16 48  1.120  52.05730 -176.10450  -1.800    0.00  0.000  0.000  0.000  82
2021  7 25  0 42 19.560  52.05570 -175.98250   4.680    0.00  0.000  0.000  0.000  83
2021  6  2 17 46 40.820  52.06000 -176.09870   5.660    0.00  0.000  0.000  0.000  84
2021  6 23  1 33 47.520  52.07870 -176.10530   5.080    0.00  0.000  0.000  0.000  85
2021  6 29 12 32 39.680  52.09030 -176.20520   7.640    0.00  0.000  0.000  0.000  86
2021  7  9  0 54 43.680  52.09020 -176.10930   6.390    0.00  0.000  0.000  0.000  87
2021  7 27  3 32 36.900  52.01780 -176.11930   1.040    0.00  0.000  0.000  0.000  88
2021  7 22 20 18  2.120  52.07530 -176.10730   6.650    0.00  0.000  0.000  0.000  89
2021  7  9  8 16 34.700  52.04230 -176.10700   8.830    0.00  0.000  0.000  0.000  90
2021  7 11 10 59 58.380  52.08730 -176.11970   6.240    0.00  0.000  0.000  0.000  91
2021  7 14  0 34 51.480  52.05430 -176.16820   7.510    0.00  0.000  0.000  0.000  92
2021  7 24  2 17 11.040  52.08170 -176.12850   6.090    0.00  0.000  0.000  0.000  93
2021  7 23 23 52 49.040  52.00430 -176.16080  12.540    0.00  0.000  0.000  0.000  94
2021  6 23  8 37 56.780  52.05620 -176.08600   9.440    0.00  0.000  0.000  0.000  95
2021  7 23 19 32 34.140  52.07120 -176.11900   3.890    0.00  0.000  0.000  0.000  96
2021  7 11 18 23  1.720  52.06470 -176.11850   5.570    0.00  0.000  0.000  0.000  97
2021  7 23 23 58 35.880  52.07570 -176.22870   6.450    0.00  0.000  0.000  0.000  98
2021  7 17 11 28 26.360  52.09220 -176.09850  19.250    0.00  0.000  0.000  0.000  99
2021  7  8 18 39 36.640  52.04320 -176.11970  12.360    0.00  0.000  0.000  0.000 100
2021  7 24  6 52 21.900  52.08300 -176.14680   5.650    0.00  0.000  0.000  0.000 101
2021  7 22  4 22 11.340  52.08320 -176.12500   8.160    0.00  0.000  0.000  0.000 102
2021  7  9  8  6  3.540  52.06000 -176.13370   5.400    0.00  0.000  0.000  0.000 103
2021  6 29  6  6  0.680  52.06980 -176.12100   6.200    0.00  0.000  0.000  0.000 104
2021  7 15  6  9 10.380  52.06880 -176.14620   8.450    0.00  0.000  0.000  0.000 105
2021  7 12  7 28 56.900  52.08400 -176.16730   6.330    0.00  0.000  0.000  0.000 106
2021  7 22 15 35 27.000  52.06470 -176.09930   5.430    0.00  0.000  0.000  0.000 107
2021  7 24 23 10 21.100  52.06370 -176.07670   4.370    0.00  0.000  0.000  0.000 108
2021  7 12 10 39 20.720  51.99320 -176.13030  14.590    0.00  0.000  0.000  0.000 109
2021  7 18 12 12 41.880  52.05970 -176.11770   4.980    0.00  0.000  0.000  0.000 110
2021  6  9  4 25 46.000  52.03520 -176.06430   6.480    0.00  0.000  0.000  0.000 111
2021  7 22 23  3 24.160  52.02100 -176.03250  10.960    0.00  0.000  0.000  0.000 112
2021  7 12 21 59 48.100  52.07970 -176.12370   4.430    0.00  0.000  0.000  0.000 113
2021  7 14 16 50 24.100  52.05600 -176.10970  -1.800    0.00  0.000  0.000  0.000 114
2021  7 14 16 49 22.340  52.05600 -176.10970  -1.800    0.00  0.000  0.000  0.000 115
2021  6 28  5 12 52.660  52.06780 -176.11750   4.790    0.00  0.000  0.000  0.000 116
2021  7 14 16 48 21.520  52.06720 -176.12250   7.420    0.00  0.000  0.000  0.000 117
2021  7 14 16 47 40.860  52.06720 -176.12250   7.420    0.00  0.000  0.000  0.000 118
2021  7 14 17  0  1.560  52.06720 -176.12250   7.420    0.00  0.000  0.000  0.000 119
2021  7 14 16 50 12.340  52.06720 -176.12250   7.420    0.00  0.000  0.000  0.000 120
2021  7 14 17  4 16.760  52.06720 -176.12250   7.420    0.00  0.000  0.000  0.000 121
2021  6  6 15 55 36.900  52.00230 -176.07950   2.560    0.00  0.000  0.000  0.000 122
2021  6 23  2  0 50.740  52.07430 -176.09530   5.110    0.00  0.000  0.000  0.000 123
2021  7 26 15 12  3.620  52.06270 -176.22920   6.170    0.00  0.000  0.000  0.000 124
2021  6 10 13 33 19.180  52.08570 -176.11350   7.660    0.00  0.000  0.000  0.000 125
2021  7 19 22 57 45.720  51.98400 -176.07850   8.300    0.00  0.000  0.000  0.000 126
2021  7 24  2 38 44.660  52.08050 -176.24970   7.550    0.00  0.000  0.000  0.000 127
2021  7 11 14 13  1.260  52.08900 -176.13950   3.480    0.00  0.000  0.000  0.000 128
2021  6 23  0 25 34.620  52.08820 -176.12250   7.660    0.00  0.000  0.000  0.000 129
2021  7 23 20 45 22.060  52.08820 -176.12250   7.660    0.00  0.000  0.000  0.000 130
2021  7 23 20 42 19.040  52.08820 -176.12250   7.660    0.00  0.000  0.000  0.000 131
2021  6 23  1  5  5.180  52.08170 -176.09400   7.230    0.00  0.000  0.000  0.000 132
2021  6  9 15 54 17.800  52.08180 -176.10950   6.580    0.00  0.000  0.000  0.000 133
2021  6  9 15 53 20.200  52.08180 -176.10950   6.580    0.00  0.000  0.000  0.000 134
2021  6 23  0 21 46.320  52.05570 -176.06920  11.830    0.00  0.000  0.000  0.000 135
2021  7 22 23 38 31.560  52.03780 -176.09700   6.010    0.00  0.000  0.000  0.000 136
2021  7 10 11 58 54.120  52.05100 -176.15570  12.300    0.00  0.000  0.000  0.000 137
2021  6 12 11 14 52.920  52.03080 -176.07030   7.410    0.00  0.000  0.000  0.000 138
2021  6 12 11  6 49.760  52.03080 -176.07030   7.410    0.00  0.000  0.000  0.000 139
2021  6  2 16 41 18.780  52.07720 -176.12580   6.430    0.00  0.000  0.000  0.000 140
2021  7 22 17  6  0.380  52.00900 -176.02930  11.950    0.00  0.000  0.000  0.000 141
2021  7 11 18  9 40.860  52.07130 -176.12130   4.980    0.00  0.000  0.000  0.000 142
2021  6  5 12 32 12.580  52.06480 -176.09330   7.040    0.00  0.000  0.000  0.000 143
2021  7 14 11 45  5.520  52.08120 -176.15470   6.320    0.00  0.000  0.000  0.000 144
2021  6 21 22 50 43.860  51.87430 -176.13180  13.280    0.00  0.000  0.000  0.000 145
2021  7 14 14 25 14.800  52.10230 -176.08150  10.670    0.00  0.000  0.000  0.000 146
2021  7 24 10 18 21.520  52.05030 -176.19620  -1.800    0.00  0.000  0.000  0.000 147
2021  7 24  1 37 10.960  52.05030 -176.19620  -1.800    0.00  0.000  0.000  0.000 148
2021  7 24  6 12 27.480  52.05030 -176.19620  -1.800    0.00  0.000  0.000  0.000 149
2021  7 24 10 21 13.440  52.05030 -176.19620  -1.800    0.00  0.000  0.000  0.000 150
2021  7 14 12  9 46.400  52.06070 -176.06200  10.700    0.00  0.000  0.000  0.000 151
2021  6 11 14  9 41.960  52.09400 -176.24500   7.160    0.00  0.000  0.000  0.000 152
2021  6 23  2 37 11.980  52.08570 -176.10380   7.090    0.00  0.000  0.000  0.000 153
2021  6 24 11 57 13.420  52.09230 -176.15480  28.840    0.00  0.000  0.000  0.000 154
2021  7 27  9 35  5.440  52.03400 -176.09870   6.180    0.00  0.000  0.000  0.000 155
2021  7 24  2 16 33.220  52.07850 -176.13720   5.930    0.00  0.000  0.000  0.000 156
2021  7 14  5 40  2.040  52.06530 -176.13350   7.420    0.00  0.000  0.000  0.000 157
2021  7 24 20 23 23.680  52.08070 -176.12080   5.190    0.00  0.000  0.000  0.000 158
2021  7 24 20 27 45.300  52.08070 -176.12080   5.190    0.00  0.000  0.000  0.000 159
2021  7 23  0 55 32.660  52.04680 -176.11780   5.850    0.00  0.000  0.000  0.000 160
2021  7  9  3 40 31.360  52.06450 -176.11350   5.760    0.00  0.000  0.000  0.000 161
2021  7  9  3 34 39.200  52.06450 -176.11350   5.760    0.00  0.000  0.000  0.000 162
2021  7  9  4 14 10.140  52.06450 -176.11350   5.760    0.00  0.000  0.000  0.000 163
2021  7 22 23  5  5.200  52.06450 -176.11350   5.760    0.00  0.000  0.000  0.000 164
2021  7 25 12  8 17.780  52.06450 -176.11350   5.760    0.00  0.000  0.000  0.000 165
2021  7  9  9 46 51.240  52.06450 -176.11350   5.760    0.00  0.000  0.000  0.000 166
2021  7  9  9 45 44.340  52.06450 -176.11350   5.760    0.00  0.000  0.000  0.000 167
2021  7 11 22 58 19.240  52.08480 -176.12150   5.660    0.00  0.000  0.000  0.000 168
2021  7 15 14 43 41.360  52.04580 -176.06650   8.380    0.00  0.000  0.000  0.000 169
2021  7  9  3 40 43.860  52.06280 -176.09720   7.700    0.00  0.000  0.000  0.000 170
2021  7 10 18 17 59.680  52.06750 -176.12420   4.830    0.00  0.000  0.000  0.000 171
2021  7 15  6  9  0.160  52.06520 -176.14250   9.000    0.00  0.000  0.000  0.000 172
2021  7 23 15 10 40.960  52.04370 -176.08220   5.260    0.00  0.000  0.000  0.000 173
2021  7 12 13 28  1.480  52.07250 -176.04580   5.130    0.00  0.000  0.000  0.000 174
2021  7 24  2 38 24.940  52.07300 -176.10650   5.960    0.00  0.000  0.000  0.000 175
2021  7 24  2 37 54.280  52.07300 -176.10650   5.960    0.00  0.000  0.000  0.000 176
2021  7 15  9 50 42.860  52.07300 -176.10650   5.960    0.00  0.000  0.000  0.000 177
2021  7 25  0 35  0.620  52.05620 -175.98330   5.350    0.00  0.000  0.000  0.000 178
2021  7 22 16 13  4.780  52.04770 -176.03770   9.760    0.00  0.000  0.000  0.000 179
2021  7 11 18 11 38.640  52.06120 -176.11750   5.030    0.00  0.000  0.000  0.000 180
2021  7 11 18 11 23.640  52.06120 -176.11750   5.030    0.00  0.000  0.000  0.000 181
2021  7 26 14 56 58.180  52.06530 -176.24680   7.960    0.00  0.000  0.000  0.000 182
2021  7 26 13 19 49.340  52.06530 -176.24680   7.960    0.00  0.000  0.000  0.000 183
2021  7 26 14 48 21.600  52.06530 -176.24680   7.960    0.00  0.000  0.000  0.000 184
2021  7 13 20  8 46.960  52.04420 -176.08250   5.070    0.00  0.000  0.000  0.000 185
2021  7 13 20  7 39.660  52.04420 -176.08250   5.070    0.00  0.000  0.000  0.000 186
2021  7 13 20 13 11.540  52.04420 -176.08250   5.070    0.00  0.000  0.000  0.000 187
2021  7 16 15 34 15.040  52.05800 -176.08870   7.060    0.00  0.000  0.000  0.000 188
2021  7 12 10 39 45.380  52.05400 -176.09280   8.210    0.00  0.000  0.000  0.000 189
2021  7  2 19  6 43.740  52.09580 -176.19330  10.400    0.00  0.000  0.000  0.000 190
2021  7 12  4 28 24.840  52.08250 -176.11420   7.530    0.00  0.000  0.000  0.000 191
2021  7  8 17 57 10.620  52.06980 -176.13070   3.290    0.00  0.000  0.000  0.000 192
2021  7 25 19 15 52.860  52.07630 -176.10630   5.800    0.00  0.000  0.000  0.000 193
2021  7 12  7 29 27.060  52.07630 -176.10630   5.800    0.00  0.000  0.000  0.000 194
2021  7 11 23 43 48.320  52.07830 -176.11820   6.160    0.00  0.000  0.000  0.000 195
2021  7 11 23 44 19.140  52.07830 -176.11820   6.160    0.00  0.000  0.000  0.000 196
2021  7 12  1 24 35.040  52.07830 -176.11820   6.160    0.00  0.000  0.000  0.000 197
2021  7 14 13 29  8.060  52.07830 -176.11820   6.160    0.00  0.000  0.000  0.000 198
2021  7  5 10 49  2.400  52.06980 -176.11850   6.270    0.00  0.000  0.000  0.000 199
2021  7 10 18 44 21.540  52.09750 -176.19820  32.040    0.00  0.000  0.000  0.000 200
2021  7 24 22  8 32.840  52.09450 -176.11850   8.340    0.00  0.000  0.000  0.000 201
2021  7 14 20 38 32.920  52.07100 -176.10750   4.010    0.00  0.000  0.000  0.000 202
2021  7 22  0 11 45.700  52.06070 -175.98450   5.100    0.00  0.000  0.000  0.000 203
2021  7 27 12 17 58.620  52.04630 -176.07220   8.190    0.00  0.000  0.000  0.000 204
2021  6 17  2 14 33.900  52.07570 -176.18100  11.740    0.00  0.000  0.000  0.000 205
2021  7 21 20 51  3.300  52.07250 -176.19380   9.180    0.00  0.000  0.000  0.000 206
2021  7 13  5 21 28.840  52.05650 -176.09080   8.540    0.00  0.000  0.000  0.000 207
2021  7 13  5 17  5.340  52.05650 -176.09080   8.540    0.00  0.000  0.000  0.000 208
2021  7 13  6 16 33.160  52.05650 -176.09080   8.540    0.00  0.000  0.000  0.000 209
2021  7 13  6 34 31.220  52.05650 -176.09080   8.540    0.00  0.000  0.000  0.000 210
2021  7 12  0 20 29.080  52.05650 -176.09080   8.540    0.00  0.000  0.000  0.000 211
2021  7 13  6 40 13.940  52.05650 -176.09080   8.540    0.00  0.000  0.000  0.000 212
2021  6  8  1 31 14.440  52.06870 -176.12200   5.680    0.00  0.000  0.000  0.000 213
2021  7 15 14 48 34.980  52.06330 -176.08630   7.540    0.00  0.000  0.000  0.000 214
2021  7  9 13 12 16.320  52.05820 -176.09550   5.320    0.00  0.000  0.000  0.000 215
2021  6 22  1  9 16.680  52.09930 -175.98120   8.380    0.00  0.000  0.000  0.000 216
2021  7 20 12  9 42.380  52.04230 -176.04200   9.200    0.00  0.000  0.000  0.000 217
2021  7 13  8 53 28.260  52.07450 -176.11480   7.150    0.00  0.000  0.000  0.000 218
2021  7 22  0 40 35.720  52.07300 -176.14670   6.330    0.00  0.000  0.000  0.000 219
2021  7  5  1 55 34.920  52.07220 -176.11230   4.320    0.00  0.000  0.000  0.000 220
2021  7 14 12 34 21.180  52.08170 -176.12170   7.680    0.00  0.000  0.000  0.000 221
2021  7 14 12 26 41.120  52.08170 -176.12170   7.680    0.00  0.000  0.000  0.000 222
2021  7 14 12 35 59.920  52.08170 -176.12170   7.680    0.00  0.000  0.000  0.000 223
2021  7  7 17  6 30.180  52.08170 -176.12170   7.680    0.00  0.000  0.000  0.000 224
2021  7 14 12 36 57.140  52.08170 -176.12170   7.680    0.00  0.000  0.000  0.000 225
2021  7  8 23 33 40.340  52.08980 -176.11420   6.110    0.00  0.000  0.000  0.000 226
2021  7 12 17 49 21.240  52.08980 -176.11420   6.110    0.00  0.000  0.000  0.000 227
2021  7 10 11 18  8.760  52.07820 -176.13420   6.540    0.00  0.000  0.000  0.000 228
2021  7 14  5 17 57.880  52.05970 -176.12220   6.680    0.00  0.000  0.000  0.000 229
2021  7 12  1 38  3.860  52.06670 -176.08420   8.990    0.00  0.000  0.000  0.000 230
2021  7 12  0 38 16.660  52.06670 -176.08420   8.990    0.00  0.000  0.000  0.000 231
2021  7 14  9 21  2.880  52.06670 -176.08420   8.990    0.00  0.000  0.000  0.000 232
2021  7 14  7 36 42.840  52.06670 -176.08420   8.990    0.00  0.000  0.000  0.000 233
2021  7 12  0 57 18.960  52.06670 -176.08420   8.990    0.00  0.000  0.000  0.000 234
2021  7 14 12 18 44.900  52.06670 -176.08420   8.990    0.00  0.000  0.000  0.000 235
2021  7 14  6 57 45.140  52.06670 -176.08420   8.990    0.00  0.000  0.000  0.000 236
2021  7 14  7  7 13.320  52.06670 -176.08420   8.990    0.00  0.000  0.000  0.000 237
2021  7 24  4 26 46.460  52.07080 -176.12000  -1.800    0.00  0.000  0.000  0.000 238
2021  7 24  4 25 17.660  52.07080 -176.12000  -1.800    0.00  0.000  0.000  0.000 239
2021  7 18  4 10  0.000  52.04500 -176.09930   5.480    0.00  0.000  0.000  0.000 240
2021  7 24  3  2 49.520  52.07480 -176.08970  10.860    0.00  0.000  0.000  0.000 241
2021  6 23 18 37 57.440  52.05430 -176.07400   9.180    0.00  0.000  0.000  0.000 242
2021  7 22 20 18 25.400  52.06130 -176.07520   7.870    0.00  0.000  0.000  0.000 243
2021  7 22 23 18 46.180  52.06130 -176.07520   7.870    0.00  0.000  0.000  0.000 244
2021  7 14 21 24 27.080  52.05000 -175.97380   6.280    0.00  0.000  0.000  0.000 245
2021  6 12 14 41 20.020  51.95600 -176.21070  13.610    0.00  0.000  0.000  0.000 246
2021  7 23 22 34 20.440  52.09250 -176.13920   4.160    0.00  0.000  0.000  0.000 247
2021  7 12  1  2 36.980  52.07330 -176.10470   9.830    0.00  0.000  0.000  0.000 248
2021  7 14 12 15 35.960  52.07330 -176.10470   9.830    0.00  0.000  0.000  0.000 249
2021  7 14 12 27 29.840  52.07330 -176.10470   9.830    0.00  0.000  0.000  0.000 250
2021  7 12  1  7 52.000  52.07330 -176.10470   9.830    0.00  0.000  0.000  0.000 251
2021  7 14 11 46 42.360  52.07330 -176.10470   9.830    0.00  0.000  0.000  0.000 252
2021  7 14 13 41 28.440  52.07330 -176.10470   9.830    0.00  0.000  0.000  0.000 253
2021  7 14  8 22 41.760  52.07330 -176.10470   9.830    0.00  0.000  0.000  0.000 254
2021  7 13 22 39 22.240  52.07330 -176.10470   9.830    0.00  0.000  0.000  0.000 255
2021  7 14 12 28 38.560  52.07330 -176.10470   9.830    0.00  0.000  0.000  0.000 256
2021  7  7  9 42 26.900  52.07330 -176.10470   9.830    0.00  0.000  0.000  0.000 257
2021  7 14 12 31 19.140  52.07330 -176.10470   9.830    0.00  0.000  0.000  0.000 258
2021  7 27  1 25 23.240  52.08180 -176.12650   6.580    0.00  0.000  0.000  0.000 259
2021  6 29  6  5 22.520  52.06430 -176.11350   5.780    0.00  0.000  0.000  0.000 260
2021  7  2 20  5  2.980  52.06020 -176.10220   5.480    0.00  0.000  0.000  0.000 261
2021  7 26  4 17 57.440  52.06320 -176.10200   5.690    0.00  0.000  0.000  0.000 262
2021  6 21  6 28  0.080  52.05230 -176.06780   9.620    0.00  0.000  0.000  0.000 263
2021  7 21 20 20 59.520  52.06830 -176.10730  10.860    0.00  0.000  0.000  0.000 264
2021  7 15  6 54 12.240  52.06570 -176.12850   5.960    0.00  0.000  0.000  0.000 265
2021  7 21 20 22  5.580  52.07650 -176.11080   8.210    0.00  0.000  0.000  0.000 266
2021  7 15  4 51 21.100  52.07650 -176.11080   8.210    0.00  0.000  0.000  0.000 267
2021  7 15  4 51 53.980  52.07650 -176.11080   8.210    0.00  0.000  0.000  0.000 268
2021  7 11 23 48 37.940  52.06980 -176.13470   3.750    0.00  0.000  0.000  0.000 269
2021  7 14 12 38 50.840  52.06980 -176.13470   3.750    0.00  0.000  0.000  0.000 270
2021  6  3 13 59 11.900  52.03570 -176.05470   7.000    0.00  0.000  0.000  0.000 271
2021  7  3  9 37 24.280  52.08120 -176.10720   6.220    0.00  0.000  0.000  0.000 272
2021  6 28 20 27 57.600  52.07730 -176.12080   7.570    0.00  0.000  0.000  0.000 273
2021  7 18  9 35 48.560  52.07280 -176.11650   3.790    0.00  0.000  0.000  0.000 274
2021  7 12 17 36 52.160  52.07700 -176.11750   5.350    0.00  0.000  0.000  0.000 275
2021  6  5 12 32 23.580  52.08120 -176.09680   6.960    0.00  0.000  0.000  0.000 276
2021  6 15  7 48  7.060  52.02700 -176.07570   8.870    0.00  0.000  0.000  0.000 277
2021  6 23 19 35 22.460  52.05530 -176.07050   9.230    0.00  0.000  0.000  0.000 278
2021  7 13  5 55 28.220  52.06970 -176.12170   6.440    0.00  0.000  0.000  0.000 279
2021  7 13  7  5 22.300  52.06970 -176.12170   6.440    0.00  0.000  0.000  0.000 280
2021  7 13 21 22 33.500  52.06970 -176.12170   6.440    0.00  0.000  0.000  0.000 281
2021  7 13  5 55 51.520  52.06970 -176.12170   6.440    0.00  0.000  0.000  0.000 282
2021  7 12  0 11 40.480  52.06970 -176.12170   6.440    0.00  0.000  0.000  0.000 283
2021  6  9  2 51 30.940  52.07550 -176.11730   5.380    0.00  0.000  0.000  0.000 284
2021  7 22 23  2 54.860  52.07950 -176.11630   6.790    0.00  0.000  0.000  0.000 285
2021  7 12 10 40 31.120  52.04480 -176.08600   5.490    0.00  0.000  0.000  0.000 286
2021  7 21 14 28 19.240  52.10050 -176.16930   8.610    0.00  0.000  0.000  0.000 287
2021  7 15  6  9 31.140  52.05530 -176.12150   9.380    0.00  0.000  0.000  0.000 288
2021  7 24  4 30  3.500  52.11170 -176.09700  10.410    0.00  0.000  0.000  0.000 289
2021  7 24  4 29 37.940  52.11170 -176.09700  10.410    0.00  0.000  0.000  0.000 290
2021  7  3 19 55 57.920  52.08850 -176.15700   3.970    0.00  0.000  0.000  0.000 291
2021  7 12 17 41 10.300  52.07600 -176.08400   5.960    0.00  0.000  0.000  0.000 292
2021  6 22  4 50 57.100  52.07730 -176.12220   5.240    0.00  0.000  0.000  0.000 293
2021  7 24  5 32 40.040  52.07530 -176.12430   8.370    0.00  0.000  0.000  0.000 294
2021  7  9  2 48 13.360  52.04750 -176.14180  12.730    0.00  0.000  0.000  0.000 295
2021  7  6  9 32 39.720  52.07420 -176.10930   5.890    0.00  0.000  0.000  0.000 296
2021  6 22  1 34 35.700  51.89130 -176.12430  12.870    0.00  0.000  0.000  0.000 297
2021  7 12  0 20 57.940  52.05600 -176.08880   8.750    0.00  0.000  0.000  0.000 298
2021  7 24 20 36 14.700  52.05600 -176.08880   8.750    0.00  0.000  0.000  0.000 299
2021  7  3 19 44 46.860  52.08220 -176.06830   9.700    0.00  0.000  0.000  0.000 300
2021  7 25 20  8 19.140  52.08220 -176.06830   9.700    0.00  0.000  0.000  0.000 301
2021  7 16 12 54 14.320  52.07170 -176.09970   7.880    0.00  0.000  0.000  0.000 302
2021  7 21 20 16  0.280  52.07770 -176.18070   8.230    0.00  0.000  0.000  0.000 303
2021  7 12  1  8 17.840  52.08850 -176.14570   9.120    0.00  0.000  0.000  0.000 304
2021  7 27  3 25 22.940  52.02530 -176.10100  -1.750    0.00  0.000  0.000  0.000 305
2021  6 16  3 18 47.280  52.03600 -176.07500  11.220    0.00  0.000  0.000  0.000 306
2021  7 15 11 57 21.180  52.06400 -176.11150   7.360    0.00  0.000  0.000  0.000 307
2021  7 25 17 25 39.320  52.06400 -176.11150   7.360    0.00  0.000  0.000  0.000 308
2021  7 27  4 17 29.080  52.02130 -176.10400   3.720    0.00  0.000  0.000  0.000 309
2021  7 15 11 12  3.780  52.08100 -176.13630   5.420    0.00  0.000  0.000  0.000 310
2021  6 12 16 31  9.400  52.07080 -176.07520  10.640    0.00  0.000  0.000  0.000 311
2021  6 23  4 22 57.000  52.01470 -176.08550   7.350    0.00  0.000  0.000  0.000 312
2021  6 22 23 27 58.340  52.01470 -176.08550   7.350    0.00  0.000  0.000  0.000 313
2021  7 21  0 44 23.980  52.08430 -176.11350   7.140    0.00  0.000  0.000  0.000 314
2021  7 23 15 10 51.820  52.04380 -176.08730   4.170    0.00  0.000  0.000  0.000 315
2021  7  8 17 43 32.440  52.07750 -176.13250   3.830    0.00  0.000  0.000  0.000 316
2021  7  8 17 25 24.460  52.07750 -176.13250   3.830    0.00  0.000  0.000  0.000 317
2021  7  8 17 27 31.460  52.07630 -176.11700   7.710    0.00  0.000  0.000  0.000 318
2021  7 22  2 25 17.560  52.05720 -176.09350   5.820    0.00  0.000  0.000  0.000 319
2021  7 26 10 27 18.520  52.06670 -176.11120   5.470    0.00  0.000  0.000  0.000 320
2021  7 16 10 51 10.800  52.08550 -176.10320   6.460    0.00  0.000  0.000  0.000 321
2021  7 12 17 13  6.580  52.04300 -176.15370   5.140    0.00  0.000  0.000  0.000 322
2021  7 24 19  6  1.360  52.07980 -176.21370   8.030    0.00  0.000  0.000  0.000 323
2021  7 24  2 15 27.720  52.07980 -176.21370   8.030    0.00  0.000  0.000  0.000 324
2021  7 24 22  0 21.040  52.07980 -176.21370   8.030    0.00  0.000  0.000  0.000 325
2021  7 22 23  2 13.960  52.07750 -176.11370   6.190    0.00  0.000  0.000  0.000 326
2021  6 26 20 16 23.120  52.05920 -176.10530   1.700    0.00  0.000  0.000  0.000 327
2021  6  2  5 44 30.840  52.08200 -176.12070   2.710    0.00  0.000  0.000  0.000 328
2021  7  8 18 37 32.960  52.07100 -176.12400   5.520    0.00  0.000  0.000  0.000 329
2021  7  8 17 15 53.460  52.07100 -176.12400   5.520    0.00  0.000  0.000  0.000 330
2021  7  8 17 15 29.480  52.07100 -176.12400   5.520    0.00  0.000  0.000  0.000 331
2021  7 20 17 45 13.040  52.10970 -176.19020   4.650    0.00  0.000  0.000  0.000 332
2021  7 15  6 36 56.520  52.06150 -176.10950  -1.800    0.00  0.000  0.000  0.000 333
2021  7 15  8 39 16.020  52.06150 -176.10950  -1.800    0.00  0.000  0.000  0.000 334
2021  7 14 19 36 34.240  52.07630 -176.10080   5.630    0.00  0.000  0.000  0.000 335
2021  7 26  7  2 30.980  52.06550 -176.11950  -1.800    0.00  0.000  0.000  0.000 336
2021  7 26 11 50 31.160  52.06550 -176.11950  -1.800    0.00  0.000  0.000  0.000 337
2021  7 26 10 52 39.380  52.06550 -176.11950  -1.800    0.00  0.000  0.000  0.000 338
2021  7 11 15  8 33.540  52.03600 -176.15220   6.180    0.00  0.000  0.000  0.000 339
2021  7 11 14 29  6.340  52.08030 -176.11550   6.010    0.00  0.000  0.000  0.000 340
2021  6 29 12 30 37.920  52.07930 -176.16520   5.180    0.00  0.000  0.000  0.000 341
2021  6 29 12 31 25.680  52.07930 -176.16520   5.180    0.00  0.000  0.000  0.000 342
2021  7 16  7 57 30.620  52.08600 -176.15570   6.100    0.00  0.000  0.000  0.000 343
2021  6 22 18  9 48.460  52.04520 -176.06570   5.450    0.00  0.000  0.000  0.000 344
2021  6 23  3 11 37.120  51.99770 -176.08180   9.290    0.00  0.000  0.000  0.000 345
2021  6 11  4 38 57.120  52.06880 -176.11980   5.620    0.00  0.000  0.000  0.000 346
2021  7 27 16 49 39.540  52.09120 -176.15720   7.600    0.00  0.000  0.000  0.000 347
2021  7  7  4 45 45.020  52.05670 -176.12280   4.980    0.00  0.000  0.000  0.000 348
2021  6 14  5  8 25.120  52.07530 -176.11930   4.490    0.00  0.000  0.000  0.000 349
2021  6  5 22 34 32.380  52.06470 -176.00120   3.680    0.00  0.000  0.000  0.000 350
2021  6  3 10 34 42.520  52.05770 -176.09650   8.290    0.00  0.000  0.000  0.000 351
2021  7 24  4 29 50.660  52.08130 -176.08600  10.000    0.00  0.000  0.000  0.000 352
2021  7 15 16  0 42.860  52.06800 -175.98770   4.720    0.00  0.000  0.000  0.000 353
2021  7 27  0 42 52.740  52.04280 -176.11230  -1.800    0.00  0.000  0.000  0.000 354
2021  7 13  3 16 48.180  52.08870 -176.10100   7.390    0.00  0.000  0.000  0.000 355
2021  7 12 17 42 46.280  52.08870 -176.10100   7.390    0.00  0.000  0.000  0.000 356
2021  6 29  7 29  8.340  52.07030 -176.11800   5.400    0.00  0.000  0.000  0.000 357
2021  7 12 17 41 21.400  52.08170 -176.10250   7.640    0.00  0.000  0.000  0.000 358
2021  7 23 20 54 37.080  52.06850 -176.10750   4.920    0.00  0.000  0.000  0.000 359
2021  7 11 20  8 19.980  52.04430 -176.10530   8.080    0.00  0.000  0.000  0.000 360
2021  7 13  2 45 20.200  52.07780 -176.12050   6.060    0.00  0.000  0.000  0.000 361
2021  7 13  2 53 55.880  52.07780 -176.12050   6.060    0.00  0.000  0.000  0.000 362
2021  7 12  0  7 17.840  52.07780 -176.12050   6.060    0.00  0.000  0.000  0.000 363
2021  7 24 22 58  7.980  52.04730 -176.03300   8.470    0.00  0.000  0.000  0.000 364
2021  7 12 10 39 58.340  52.04850 -176.07830   5.010    0.00  0.000  0.000  0.000 365
2021  7 24  2 16 49.820  52.07500 -176.11430   6.520    0.00  0.000  0.000  0.000 366
2021  7 24  2  2 34.900  52.07500 -176.11430   6.520    0.00  0.000  0.000  0.000 367
2021  7 14  6 42 34.560  52.07500 -176.11430   6.520    0.00  0.000  0.000  0.000 368
2021  7 17 15 25  0.560  52.07500 -176.11430   6.520    0.00  0.000  0.000  0.000 369
2021  7 17 15 45 53.000  52.07500 -176.11430   6.520    0.00  0.000  0.000  0.000 370
2021  7 24  7 12 53.540  52.07500 -176.11430   6.520    0.00  0.000  0.000  0.000 371
2021  7 14 17  5  2.120  52.07080 -176.11220   5.240    0.00  0.000  0.000  0.000 372
2021  7 15 16 32 15.880  52.06220 -175.98680   3.680    0.00  0.000  0.000  0.000 373
