2012 11 24  8 46 21.460  37.62750 -119.12830  13.190    0.00  0.000  0.000  0.000   1
2012 12 27 16  6 24.500  37.60930 -119.07250  15.200    0.00  0.000  0.000  0.000   2
2012 12 27 15 44 38.200  37.60930 -119.07250  15.200    0.00  0.000  0.000  0.000   3
2012 12 31 13 23 49.640  37.58330 -119.02800   2.560    0.00  0.000  0.000  0.000   4
2012 11  1  1 22 50.900  37.58330 -119.02800   2.560    0.00  0.000  0.000  0.000   5
2012 10 29  3 14 24.220  37.62970 -119.05480  20.180    0.00  0.000  0.000  0.000   6
2012 10 29  3 16 29.620  37.62970 -119.05480  20.180    0.00  0.000  0.000  0.000   7
2012 10 29  3  1 41.140  37.62970 -119.05480  20.180    0.00  0.000  0.000  0.000   8
2012 10 29  3 32 42.080  37.62970 -119.05480  20.180    0.00  0.000  0.000  0.000   9
2012 10 29  4  7 37.860  37.62970 -119.05480  20.180    0.00  0.000  0.000  0.000  10
2012 11 23 19 53 26.620  37.62920 -119.06580  13.280    0.00  0.000  0.000  0.000  11
2012 12 19 23 38 26.360  37.62580 -119.04230  13.190    0.00  0.000  0.000  0.000  12
2012 11 14 23 11 35.820  37.61080 -119.06280  17.700    0.00  0.000  0.000  0.000  13
2012 10 24  4 52 25.740  37.59930 -119.00320   1.320    0.00  0.000  0.000  0.000  14
2012 10 31 23 24 33.480  37.62230 -119.10870  20.240    0.00  0.000  0.000  0.000  15
2012 11  4 12  8 10.820  37.62230 -119.10870  20.240    0.00  0.000  0.000  0.000  16
2012 12 14 16 36 42.960  37.62930 -119.02880  14.870    0.00  0.000  0.000  0.000  17
2012 12 14 16 16 59.440  37.62930 -119.02880  14.870    0.00  0.000  0.000  0.000  18
2012 12 14 15 27 30.500  37.62930 -119.02880  14.870    0.00  0.000  0.000  0.000  19
2012 12 15 12 50 41.640  37.62930 -119.02880  14.870    0.00  0.000  0.000  0.000  20
2012 10 29 10  8 11.200  37.62280 -119.04370  19.630    0.00  0.000  0.000  0.000  21
2012 10 29  8 44 48.820  37.62280 -119.04370  19.630    0.00  0.000  0.000  0.000  22
2012 10 29  9 16 13.620  37.62280 -119.04370  19.630    0.00  0.000  0.000  0.000  23
2012 10  1  6 15 23.980  37.63480 -119.03580   0.530    0.00  0.000  0.000  0.000  24
2012 10 29 17 34 19.260  37.67400 -119.03970  17.740    0.00  0.000  0.000  0.000  25
2012 10  4 11 48 59.060  37.63520 -119.05880   0.260    0.00  0.000  0.000  0.000  26
2012 10  4  7 18 38.880  37.63520 -119.05880   0.260    0.00  0.000  0.000  0.000  27
2012 10  3 13  8 48.600  37.63520 -119.05880   0.260    0.00  0.000  0.000  0.000  28
2012 10 22 14 42 12.420  37.62430 -119.03030   2.380    0.00  0.000  0.000  0.000  29
2012 10 22 14 40  3.600  37.62430 -119.03030   2.380    0.00  0.000  0.000  0.000  30
2012 12 27 11 25 17.760  37.61070 -119.06750  15.060    0.00  0.000  0.000  0.000  31
2012 12 27  6  5 44.420  37.61070 -119.06750  15.060    0.00  0.000  0.000  0.000  32
2012 12 27  6 56 13.840  37.61070 -119.06750  15.060    0.00  0.000  0.000  0.000  33
2012 12 27  6 19 46.880  37.61070 -119.06750  15.060    0.00  0.000  0.000  0.000  34
2012 12 27  7  3 52.500  37.61070 -119.06750  15.060    0.00  0.000  0.000  0.000  35
2012 12 27  5 55 45.880  37.61070 -119.06750  15.060    0.00  0.000  0.000  0.000  36
2012 12 27 11 17 40.880  37.61070 -119.06750  15.060    0.00  0.000  0.000  0.000  37
2012 12 27  6 35  8.700  37.61070 -119.06750  15.060    0.00  0.000  0.000  0.000  38
2012 10  1  0 49 16.100  37.65430 -119.02030   0.580    0.00  0.000  0.000  0.000  39
2012 10  1  0 50 43.240  37.65430 -119.02030   0.580    0.00  0.000  0.000  0.000  40
2012 10  1  7 26 13.760  37.65430 -119.02030   0.580    0.00  0.000  0.000  0.000  41
2012 10  1  0 51 40.680  37.65430 -119.02030   0.580    0.00  0.000  0.000  0.000  42
2012 10  1  7 42 31.780  37.65430 -119.02030   0.580    0.00  0.000  0.000  0.000  43
2012 10  1  3 34 34.060  37.65430 -119.02030   0.580    0.00  0.000  0.000  0.000  44
2012 10  1  8 43 49.060  37.65430 -119.02030   0.580    0.00  0.000  0.000  0.000  45
2012 10  3  3 39 38.640  37.65430 -119.02030   0.580    0.00  0.000  0.000  0.000  46
2012 10  1  8  5 45.420  37.65430 -119.02030   0.580    0.00  0.000  0.000  0.000  47
2012 10  1 13 59 20.600  37.65430 -119.02030   0.580    0.00  0.000  0.000  0.000  48
2012 10  1  2 40 34.100  37.65430 -119.02030   0.580    0.00  0.000  0.000  0.000  49
2012 10  1  8  5 32.700  37.65430 -119.02030   0.580    0.00  0.000  0.000  0.000  50
2012 10  1 14  0 15.140  37.65430 -119.02030   0.580    0.00  0.000  0.000  0.000  51
2012 12  8  2 10 31.860  37.63370 -119.02920  13.400    0.00  0.000  0.000  0.000  52
2012 12  8  2 55 10.120  37.63370 -119.02920  13.400    0.00  0.000  0.000  0.000  53
2012 12  8  3 56 16.480  37.63370 -119.02920  13.400    0.00  0.000  0.000  0.000  54
2012 12  8  1  1 59.820  37.63370 -119.02920  13.400    0.00  0.000  0.000  0.000  55
2012 12  8  2 27 19.240  37.63370 -119.02920  13.400    0.00  0.000  0.000  0.000  56
2012 12  8  3 26 55.980  37.63370 -119.02920  13.400    0.00  0.000  0.000  0.000  57
2012 12  8  1 24  5.200  37.63370 -119.02920  13.400    0.00  0.000  0.000  0.000  58
2012 10  3 20 39 36.340  37.60550 -119.00380   2.170    0.00  0.000  0.000  0.000  59
2012 12 19 23 43  7.560  37.64020 -119.07450  13.120    0.00  0.000  0.000  0.000  60
2012 11 20 22 59 38.200  37.64020 -119.07450  13.120    0.00  0.000  0.000  0.000  61
2012 12  4 16 17 27.280  37.64020 -119.07450  13.120    0.00  0.000  0.000  0.000  62
2012 12  9  9 16  4.040  37.64020 -119.07450  13.120    0.00  0.000  0.000  0.000  63
2012 10 30 17 44 46.920  37.64020 -119.07450  13.120    0.00  0.000  0.000  0.000  64
2012 11 24 14 23 34.020  37.64020 -119.07450  13.120    0.00  0.000  0.000  0.000  65
2012 11  2  8 29 22.340  37.64020 -119.07450  13.120    0.00  0.000  0.000  0.000  66
2012 10 24  3 52  1.700  37.64020 -119.07450  13.120    0.00  0.000  0.000  0.000  67
2012 12 16  7 46 53.380  37.64020 -119.07450  13.120    0.00  0.000  0.000  0.000  68
2012 12  8  5 37 31.180  37.64020 -119.07450  13.120    0.00  0.000  0.000  0.000  69
2012 12 11  8 20  4.140  37.64020 -119.07450  13.120    0.00  0.000  0.000  0.000  70
2012 10 24  4  0 28.200  37.64020 -119.07450  13.120    0.00  0.000  0.000  0.000  71
2012 11 21  8 28 17.080  37.60270 -119.12630   5.290    0.00  0.000  0.000  0.000  72
2012 10  3 20 37 34.860  37.63400 -119.04080  -0.040    0.00  0.000  0.000  0.000  73
2012 10 29 13 14 48.440  37.64370 -119.04320  21.740    0.00  0.000  0.000  0.000  74
2012 10 29 12 34  1.660  37.64370 -119.04320  21.740    0.00  0.000  0.000  0.000  75
2012 10 29 12 35 34.960  37.64370 -119.04320  21.740    0.00  0.000  0.000  0.000  76
2012 10 29 12 48  9.040  37.64370 -119.04320  21.740    0.00  0.000  0.000  0.000  77
2012 10 29 12 32  7.540  37.64370 -119.04320  21.740    0.00  0.000  0.000  0.000  78
2012 10 29 12 55 36.580  37.64370 -119.04320  21.740    0.00  0.000  0.000  0.000  79
2012 10 29 12 39 33.140  37.64370 -119.04320  21.740    0.00  0.000  0.000  0.000  80
2012 10 29 12 41 38.200  37.64370 -119.04320  21.740    0.00  0.000  0.000  0.000  81
2012 10 29 12 51 14.680  37.64370 -119.04320  21.740    0.00  0.000  0.000  0.000  82
2012 10 29 12 28 33.780  37.64370 -119.04320  21.740    0.00  0.000  0.000  0.000  83
2012 10 29 12 49 36.860  37.64370 -119.04320  21.740    0.00  0.000  0.000  0.000  84
2012 10 27  9 25 55.960  37.62470 -119.13580   2.220    0.00  0.000  0.000  0.000  85
2012 10 21  7 43 34.620  37.62470 -119.13580   2.220    0.00  0.000  0.000  0.000  86
2012 10 21 17  4 19.960  37.62470 -119.13580   2.220    0.00  0.000  0.000  0.000  87
2012 12 16  7 42  6.400  37.63400 -119.05570  13.100    0.00  0.000  0.000  0.000  88
2012 12  7  9 55  9.400  37.63900 -119.02250  10.680    0.00  0.000  0.000  0.000  89
2012 10  1 18 58 45.860  37.60570 -119.00520   1.800    0.00  0.000  0.000  0.000  90
2012 10 12  7 49 34.200  37.59630 -119.00430   1.570    0.00  0.000  0.000  0.000  91
2012 10  2  5 56 20.200  37.65320 -119.02200  -0.250    0.00  0.000  0.000  0.000  92
2012 10  1  9 38 31.840  37.65320 -119.02200  -0.250    0.00  0.000  0.000  0.000  93
2012 12 12 18 45 37.400  37.64300 -119.09350   1.090    0.00  0.000  0.000  0.000  94
2012 12 27 16 26 24.660  37.60850 -119.06200  15.490    0.00  0.000  0.000  0.000  95
2012 12 27 19 36 28.160  37.60850 -119.06200  15.490    0.00  0.000  0.000  0.000  96
2012 12 27 15 30 53.940  37.60850 -119.06200  15.490    0.00  0.000  0.000  0.000  97
2012 12 27 19 14 22.160  37.60850 -119.06200  15.490    0.00  0.000  0.000  0.000  98
2012 12 27  9 55 36.240  37.60850 -119.06200  15.490    0.00  0.000  0.000  0.000  99
2012 12 27 14 20 57.260  37.60850 -119.06200  15.490    0.00  0.000  0.000  0.000 100
2012 12 27 16  6 47.980  37.60850 -119.06200  15.490    0.00  0.000  0.000  0.000 101
2012 12 27 13 25 32.800  37.60850 -119.06200  15.490    0.00  0.000  0.000  0.000 102
2012 12 27 13 58 23.980  37.60850 -119.06200  15.490    0.00  0.000  0.000  0.000 103
2012 12 27 13 18 16.620  37.60850 -119.06200  15.490    0.00  0.000  0.000  0.000 104
2012 12 27  8 54 54.480  37.60850 -119.06200  15.490    0.00  0.000  0.000  0.000 105
2012 12 27 20 54 17.340  37.62550 -119.00770  15.620    0.00  0.000  0.000  0.000 106
2012 11  7  7 50 42.580  37.61620 -119.09120  19.920    0.00  0.000  0.000  0.000 107
2012 10 30  9 43 41.300  37.64430 -119.04750  16.650    0.00  0.000  0.000  0.000 108
2012 10 30  5 39 33.780  37.64430 -119.04750  16.650    0.00  0.000  0.000  0.000 109
2012 10 30  1 48 32.620  37.64430 -119.04750  16.650    0.00  0.000  0.000  0.000 110
2012 12 28  2 31 43.360  37.63380 -119.02430   1.920    0.00  0.000  0.000  0.000 111
2012 12 19  9 56  8.840  37.66180 -119.11630  10.300    0.00  0.000  0.000  0.000 112
2012 10 29  1 41  5.720  37.62330 -119.07980  21.450    0.00  0.000  0.000  0.000 113
2012 10 29 13 32 28.740  37.62520 -119.06600  20.880    0.00  0.000  0.000  0.000 114
2012 10 29 13 38 11.860  37.62520 -119.06600  20.880    0.00  0.000  0.000  0.000 115
2012 10 29 15  2 51.660  37.62520 -119.06600  20.880    0.00  0.000  0.000  0.000 116
2012 10 29 14 33 28.040  37.62520 -119.06600  20.880    0.00  0.000  0.000  0.000 117
2012 10 29 14  8 53.100  37.62520 -119.06600  20.880    0.00  0.000  0.000  0.000 118
2012 10 29 13  4  8.080  37.62520 -119.06600  20.880    0.00  0.000  0.000  0.000 119
2012 10 29 14 37 33.020  37.62520 -119.06600  20.880    0.00  0.000  0.000  0.000 120
2012 10 29 14 48 54.820  37.62520 -119.06600  20.880    0.00  0.000  0.000  0.000 121
2012 10 29 14 19 20.600  37.62520 -119.06600  20.880    0.00  0.000  0.000  0.000 122
2012 10 29 12 20  8.780  37.62520 -119.06600  20.880    0.00  0.000  0.000  0.000 123
2012 10 29 12 52 45.540  37.62520 -119.06600  20.880    0.00  0.000  0.000  0.000 124
2012 10 29 14 28 17.060  37.62520 -119.06600  20.880    0.00  0.000  0.000  0.000 125
2012 10 29 12 51 43.660  37.62520 -119.06600  20.880    0.00  0.000  0.000  0.000 126
2012 10 29 11  2 51.520  37.62520 -119.06600  20.880    0.00  0.000  0.000  0.000 127
2012 10 29 13 57  5.320  37.62520 -119.06600  20.880    0.00  0.000  0.000  0.000 128
2012 10 29 15 10 47.000  37.62520 -119.06600  20.880    0.00  0.000  0.000  0.000 129
2012 10 29 15 33 18.220  37.62520 -119.06600  20.880    0.00  0.000  0.000  0.000 130
2012 10 29 11 51 16.300  37.62520 -119.06600  20.880    0.00  0.000  0.000  0.000 131
2012 10 29 14 41 55.560  37.62520 -119.06600  20.880    0.00  0.000  0.000  0.000 132
2012 10 29 15 14 11.700  37.62520 -119.06600  20.880    0.00  0.000  0.000  0.000 133
2012 10 29 14 36 13.380  37.62520 -119.06600  20.880    0.00  0.000  0.000  0.000 134
2012 10 29 14 36 37.000  37.62520 -119.06600  20.880    0.00  0.000  0.000  0.000 135
2012 10 29 11 56 14.060  37.62520 -119.06600  20.880    0.00  0.000  0.000  0.000 136
2012 11  6  5 27 14.440  37.62570 -119.05670  14.840    0.00  0.000  0.000  0.000 137
2012 12 27 11 15  2.860  37.60500 -119.07050  14.540    0.00  0.000  0.000  0.000 138
2012 10 22  9 36  2.400  37.63870 -119.04630  -2.570    0.00  0.000  0.000  0.000 139
2012 10  3 20 29  7.500  37.63330 -119.04130   0.190    0.00  0.000  0.000  0.000 140
2012 12 27 10 14 40.300  37.61620 -119.06770  17.220    0.00  0.000  0.000  0.000 141
2012 12 27 13 50 45.380  37.61620 -119.06770  17.220    0.00  0.000  0.000  0.000 142
2012 12 27  4 50 48.740  37.61620 -119.06770  17.220    0.00  0.000  0.000  0.000 143
2012 12 27 10 46 28.480  37.61620 -119.06770  17.220    0.00  0.000  0.000  0.000 144
2012 12 27  9  3 33.900  37.61620 -119.06770  17.220    0.00  0.000  0.000  0.000 145
2012 12 27  9 10 34.500  37.61620 -119.06770  17.220    0.00  0.000  0.000  0.000 146
2012 12 27  3 48 21.440  37.61620 -119.06770  17.220    0.00  0.000  0.000  0.000 147
2012 12  3 10 39 50.900  37.63000 -119.02630   2.530    0.00  0.000  0.000  0.000 148
2012 12  4 12 15 19.960  37.63000 -119.02630   2.530    0.00  0.000  0.000  0.000 149
2012 12  5 21  7 24.260  37.63000 -119.02630   2.530    0.00  0.000  0.000  0.000 150
2012 10 29  2  3 54.320  37.61270 -119.04980  19.850    0.00  0.000  0.000  0.000 151
2012 10 29  2 20  8.300  37.61270 -119.04980  19.850    0.00  0.000  0.000  0.000 152
2012 10 29  2 18 24.240  37.61270 -119.04980  19.850    0.00  0.000  0.000  0.000 153
2012 12  7 22  4 44.100  37.62950 -119.03370  13.330    0.00  0.000  0.000  0.000 154
2012 12  7 20 19 21.080  37.62950 -119.03370  13.330    0.00  0.000  0.000  0.000 155
2012 12  8  0  1  6.600  37.62950 -119.03370  13.330    0.00  0.000  0.000  0.000 156
2012 12  7 23 29  7.640  37.62950 -119.03370  13.330    0.00  0.000  0.000  0.000 157
2012 12  7 20 55 16.260  37.62950 -119.03370  13.330    0.00  0.000  0.000  0.000 158
2012 12 28  2 33 19.240  37.63420 -119.02470   1.730    0.00  0.000  0.000  0.000 159
2012 10  3 20 29 59.240  37.63170 -119.04000   0.800    0.00  0.000  0.000  0.000 160
2012 10  2  3  0  6.900  37.63680 -119.05620  -1.310    0.00  0.000  0.000  0.000 161
2012 10  2  8 18 35.340  37.63680 -119.05620  -1.310    0.00  0.000  0.000  0.000 162
2012 12 27 21  6 57.900  37.60020 -119.06320  16.330    0.00  0.000  0.000  0.000 163
2012 12 27 15  7 46.800  37.60020 -119.06320  16.330    0.00  0.000  0.000  0.000 164
2012 12 27 15 10 57.120  37.60020 -119.06320  16.330    0.00  0.000  0.000  0.000 165
2012 10  2  6  5 11.080  37.63780 -119.02820   1.140    0.00  0.000  0.000  0.000 166
2012 10 16  4  4 43.280  37.62430 -119.04630  -0.590    0.00  0.000  0.000  0.000 167
2012 11  3  9 44 38.960  37.65750 -119.15950  12.610    0.00  0.000  0.000  0.000 168
2012 11  4  4 59 26.880  37.61050 -119.06370  19.740    0.00  0.000  0.000  0.000 169
2012 11  4  3 52 15.340  37.61050 -119.06370  19.740    0.00  0.000  0.000  0.000 170
2012 11  4  3 24 13.160  37.61050 -119.06370  19.740    0.00  0.000  0.000  0.000 171
2012 11  4  3 44 50.560  37.61050 -119.06370  19.740    0.00  0.000  0.000  0.000 172
2012 11  4  2 56 46.640  37.61050 -119.06370  19.740    0.00  0.000  0.000  0.000 173
2012 11  4  3 36 16.640  37.61050 -119.06370  19.740    0.00  0.000  0.000  0.000 174
2012 11  4  4 38 15.420  37.61050 -119.06370  19.740    0.00  0.000  0.000  0.000 175
2012 11  4  3 16 44.160  37.61050 -119.06370  19.740    0.00  0.000  0.000  0.000 176
2012 11  4  3 29  5.400  37.61050 -119.06370  19.740    0.00  0.000  0.000  0.000 177
2012 11  4  5 10 55.720  37.61050 -119.06370  19.740    0.00  0.000  0.000  0.000 178
2012 11  4  0 50  7.680  37.61050 -119.06370  19.740    0.00  0.000  0.000  0.000 179
2012 11  4  4 26 33.660  37.61050 -119.06370  19.740    0.00  0.000  0.000  0.000 180
2012 11  4  4 20 25.480  37.61050 -119.06370  19.740    0.00  0.000  0.000  0.000 181
2012 11  4  3  1 10.060  37.61050 -119.06370  19.740    0.00  0.000  0.000  0.000 182
2012 11  4  3 37 30.380  37.61050 -119.06370  19.740    0.00  0.000  0.000  0.000 183
2012 11  4  1 19 39.160  37.61050 -119.06370  19.740    0.00  0.000  0.000  0.000 184
2012 11  4  2 22  5.500  37.61050 -119.06370  19.740    0.00  0.000  0.000  0.000 185
2012 10 30  9  5 34.280  37.61830 -119.00850  -0.340    0.00  0.000  0.000  0.000 186
2012 10 30  8 42 32.500  37.61830 -119.00850  -0.340    0.00  0.000  0.000  0.000 187
2012 10 24  4  2 24.040  37.55400 -119.09130  13.370    0.00  0.000  0.000  0.000 188
2012 12 27 19 35 41.160  37.60820 -119.08400  14.860    0.00  0.000  0.000  0.000 189
2012 12  8  1 25  6.640  37.63020 -119.03120  14.310    0.00  0.000  0.000  0.000 190
2012 12  8  1  2 35.720  37.63020 -119.03120  14.310    0.00  0.000  0.000  0.000 191
2012 10 31 23 40  3.100  37.60450 -119.06030  20.420    0.00  0.000  0.000  0.000 192
2012 11  4 10 34  3.680  37.60450 -119.06030  20.420    0.00  0.000  0.000  0.000 193
2012 12 27 17 56 19.920  37.60480 -119.07070  15.340    0.00  0.000  0.000  0.000 194
2012 10  6 10 43 41.800  37.59380 -119.00830   1.310    0.00  0.000  0.000  0.000 195
2012 10  6 10 18 43.100  37.59380 -119.00830   1.310    0.00  0.000  0.000  0.000 196
2012 10  7  0 34  7.440  37.59380 -119.00830   1.310    0.00  0.000  0.000  0.000 197
2012 10  9  9 49 16.260  37.59380 -119.00830   1.310    0.00  0.000  0.000  0.000 198
2012 10  9  9 34 45.600  37.59380 -119.00830   1.310    0.00  0.000  0.000  0.000 199
2012 10  6  9 58  7.280  37.59380 -119.00830   1.310    0.00  0.000  0.000  0.000 200
2012 10 20  3 53 45.820  37.59380 -119.00830   1.310    0.00  0.000  0.000  0.000 201
2012 10  1  7  2  6.100  37.59380 -119.00830   1.310    0.00  0.000  0.000  0.000 202
2012 10  6 10  4 41.660  37.59380 -119.00830   1.310    0.00  0.000  0.000  0.000 203
2012 10 11 17 17 56.640  37.59380 -119.00830   1.310    0.00  0.000  0.000  0.000 204
2012 10  1 12 27 31.960  37.59380 -119.00830   1.310    0.00  0.000  0.000  0.000 205
2012 10 20  4 42 18.220  37.59380 -119.00830   1.310    0.00  0.000  0.000  0.000 206
2012 10  6 11 30 52.020  37.59380 -119.00830   1.310    0.00  0.000  0.000  0.000 207
2012 10 20  8 35 19.480  37.59380 -119.00830   1.310    0.00  0.000  0.000  0.000 208
2012 10  6 10  5 12.000  37.59380 -119.00830   1.310    0.00  0.000  0.000  0.000 209
2012 10 22 15 32 47.120  37.59380 -119.00830   1.310    0.00  0.000  0.000  0.000 210
2012 10 18  6 28 15.960  37.59380 -119.00830   1.310    0.00  0.000  0.000  0.000 211
2012 10  1  9 31 42.160  37.59380 -119.00830   1.310    0.00  0.000  0.000  0.000 212
2012 10  1  9 51 22.280  37.59380 -119.00830   1.310    0.00  0.000  0.000  0.000 213
2012 10  9 10 15  2.500  37.59380 -119.00830   1.310    0.00  0.000  0.000  0.000 214
2012 10 16 11 38  9.860  37.59380 -119.00830   1.310    0.00  0.000  0.000  0.000 215
2012 10  6 10 39 28.640  37.59380 -119.00830   1.310    0.00  0.000  0.000  0.000 216
2012 10 18  5 55 23.180  37.59380 -119.00830   1.310    0.00  0.000  0.000  0.000 217
2012 10  9 10 14 22.960  37.59380 -119.00830   1.310    0.00  0.000  0.000  0.000 218
2012 10  6  5  0 38.940  37.59380 -119.00830   1.310    0.00  0.000  0.000  0.000 219
2012 10 10  4 59 48.900  37.59380 -119.00830   1.310    0.00  0.000  0.000  0.000 220
2012 10 11  2 20 18.100  37.59380 -119.00830   1.310    0.00  0.000  0.000  0.000 221
2012 10 22 15 32 36.580  37.59380 -119.00830   1.310    0.00  0.000  0.000  0.000 222
2012 10 16  7 45 29.640  37.59380 -119.00830   1.310    0.00  0.000  0.000  0.000 223
2012 10  9 11 40 20.520  37.59380 -119.00830   1.310    0.00  0.000  0.000  0.000 224
2012 10 20  9 11 33.740  37.59380 -119.00830   1.310    0.00  0.000  0.000  0.000 225
2012 10  7  5 46 52.040  37.59380 -119.00830   1.310    0.00  0.000  0.000  0.000 226
2012 10  7  0 30  5.080  37.59380 -119.00830   1.310    0.00  0.000  0.000  0.000 227
2012 10 24 10 26 42.200  37.59380 -119.00830   1.310    0.00  0.000  0.000  0.000 228
2012 10 18  5 35  0.440  37.59380 -119.00830   1.310    0.00  0.000  0.000  0.000 229
2012 10  3 13 14 22.140  37.59380 -119.00830   1.310    0.00  0.000  0.000  0.000 230
2012 10 12  4 19 47.500  37.59380 -119.00830   1.310    0.00  0.000  0.000  0.000 231
2012 10  2 19 19 25.160  37.59380 -119.00830   1.310    0.00  0.000  0.000  0.000 232
2012 10  9 10  3  4.420  37.59380 -119.00830   1.310    0.00  0.000  0.000  0.000 233
2012 10 13  3  6  4.560  37.59380 -119.00830   1.310    0.00  0.000  0.000  0.000 234
2012 10 17 14 22 11.880  37.59380 -119.00830   1.310    0.00  0.000  0.000  0.000 235
2012 10 16  5 25  2.900  37.59380 -119.00830   1.310    0.00  0.000  0.000  0.000 236
2012 10 13  5 34 57.080  37.59380 -119.00830   1.310    0.00  0.000  0.000  0.000 237
2012 10 10  6 28 12.980  37.59380 -119.00830   1.310    0.00  0.000  0.000  0.000 238
2012 10 26 11 36 42.260  37.59380 -119.00830   1.310    0.00  0.000  0.000  0.000 239
2012 10 13  4 39  1.140  37.59380 -119.00830   1.310    0.00  0.000  0.000  0.000 240
2012 10 14 21 36 46.080  37.59380 -119.00830   1.310    0.00  0.000  0.000  0.000 241
2012 10 11 16 32 49.140  37.59380 -119.00830   1.310    0.00  0.000  0.000  0.000 242
2012 10 15 20 12 39.780  37.59380 -119.00830   1.310    0.00  0.000  0.000  0.000 243
2012 10 18  5 24  9.260  37.59380 -119.00830   1.310    0.00  0.000  0.000  0.000 244
2012 10  6 10 23 59.280  37.59380 -119.00830   1.310    0.00  0.000  0.000  0.000 245
2012 10 20  3 31 15.920  37.59380 -119.00830   1.310    0.00  0.000  0.000  0.000 246
2012 10 15 20 18 44.880  37.59380 -119.00830   1.310    0.00  0.000  0.000  0.000 247
2012 10  2  4  1 34.320  37.59380 -119.00830   1.310    0.00  0.000  0.000  0.000 248
2012 10 15 20 19 29.120  37.59380 -119.00830   1.310    0.00  0.000  0.000  0.000 249
2012 10 13  8 24 59.320  37.59380 -119.00830   1.310    0.00  0.000  0.000  0.000 250
2012 10  9 11 37 23.760  37.59380 -119.00830   1.310    0.00  0.000  0.000  0.000 251
2012 10 20 14 27  9.140  37.59380 -119.00830   1.310    0.00  0.000  0.000  0.000 252
2012 11  1  8 58 43.320  37.59380 -119.00830   1.310    0.00  0.000  0.000  0.000 253
2012 10 12  5 52 35.260  37.59380 -119.00830   1.310    0.00  0.000  0.000  0.000 254
2012 10 24  7 28 30.900  37.59380 -119.00830   1.310    0.00  0.000  0.000  0.000 255
2012 10 15 21 58 10.280  37.59380 -119.00830   1.310    0.00  0.000  0.000  0.000 256
2012 10  8 20 26 40.220  37.59380 -119.00830   1.310    0.00  0.000  0.000  0.000 257
2012 10  5 13 12  4.220  37.59380 -119.00830   1.310    0.00  0.000  0.000  0.000 258
2012 11  2  0 34 10.900  37.59380 -119.00830   1.310    0.00  0.000  0.000  0.000 259
2012 10  9 17  3 59.720  37.59380 -119.00830   1.310    0.00  0.000  0.000  0.000 260
2012 10 18  9 40 48.400  37.59380 -119.00830   1.310    0.00  0.000  0.000  0.000 261
2012 10  7 11 21 32.040  37.59380 -119.00830   1.310    0.00  0.000  0.000  0.000 262
2012 10 16  1 50 23.220  37.59380 -119.00830   1.310    0.00  0.000  0.000  0.000 263
2012 10 15 20 12 48.360  37.59380 -119.00830   1.310    0.00  0.000  0.000  0.000 264
2012 10  8 17  5 10.420  37.59380 -119.00830   1.310    0.00  0.000  0.000  0.000 265
2012 10 18 11 48 15.140  37.59380 -119.00830   1.310    0.00  0.000  0.000  0.000 266
2012 12 27 20 53 10.460  37.62820 -119.03580  12.880    0.00  0.000  0.000  0.000 267
2012 11 23 10 14 15.740  37.62820 -119.03580  12.880    0.00  0.000  0.000  0.000 268
2012 12 14 13 54 16.780  37.62870 -119.02900  14.670    0.00  0.000  0.000  0.000 269
2012 10 15  9 20  1.720  37.57430 -119.01320   3.750    0.00  0.000  0.000  0.000 270
2012 10  3 10 29 15.600  37.63530 -119.05880   0.480    0.00  0.000  0.000  0.000 271
2012 10  3 13  9 33.760  37.63530 -119.05880   0.480    0.00  0.000  0.000  0.000 272
2012 10  3 13 44 46.200  37.63530 -119.05880   0.480    0.00  0.000  0.000  0.000 273
2012 10 25  4 24 19.020  37.63670 -119.03520  -1.230    0.00  0.000  0.000  0.000 274
2012 10 25  2 26 56.920  37.63670 -119.03520  -1.230    0.00  0.000  0.000  0.000 275
2012 12 23 17 21 46.720  37.64400 -119.03050   4.200    0.00  0.000  0.000  0.000 276
2012 11  1  3 33 42.440  37.60580 -119.08170  21.330    0.00  0.000  0.000  0.000 277
2012 11  1  4 30 38.720  37.60580 -119.08170  21.330    0.00  0.000  0.000  0.000 278
2012 11  1  3 16 11.620  37.60580 -119.08170  21.330    0.00  0.000  0.000  0.000 279
2012 11  1  2 58  6.920  37.60580 -119.08170  21.330    0.00  0.000  0.000  0.000 280
2012 11  1  3 42 52.880  37.60580 -119.08170  21.330    0.00  0.000  0.000  0.000 281
2012 11 20  2 39 20.820  37.65520 -119.04050  12.140    0.00  0.000  0.000  0.000 282
2012 10  1  6 12 34.860  37.63350 -119.03730   0.300    0.00  0.000  0.000  0.000 283
2012 12 27 12 11 35.280  37.60520 -119.06730  15.480    0.00  0.000  0.000  0.000 284
2012 12 27 11 32 16.020  37.60520 -119.06730  15.480    0.00  0.000  0.000  0.000 285
2012 10  2  4 17 47.320  37.60230 -119.00430   1.530    0.00  0.000  0.000  0.000 286
2012 10  2  3 53 25.140  37.60230 -119.00430   1.530    0.00  0.000  0.000  0.000 287
2012 10 17 19 18  2.720  37.60230 -119.00430   1.530    0.00  0.000  0.000  0.000 288
2012 10  5 13 25 24.260  37.60230 -119.00430   1.530    0.00  0.000  0.000  0.000 289
2012 10  1  2 27 57.200  37.60230 -119.00430   1.530    0.00  0.000  0.000  0.000 290
2012 10  8 16  4 20.200  37.61750 -119.02420   1.030    0.00  0.000  0.000  0.000 291
2012 10  6 12 33 41.340  37.59570 -119.03880   2.940    0.00  0.000  0.000  0.000 292
2012 11 13  8 17 29.980  37.62900 -119.05970  -2.740    0.00  0.000  0.000  0.000 293
2012 10 24 13 51  1.060  37.58820 -119.01780   2.060    0.00  0.000  0.000  0.000 294
2012 11 20  4 11 17.200  37.58820 -119.01780   2.060    0.00  0.000  0.000  0.000 295
2012 10  4 17 49 53.460  37.63570 -119.04130   0.260    0.00  0.000  0.000  0.000 296
2012 12 14 19  0 37.200  37.66120 -119.02270  11.430    0.00  0.000  0.000  0.000 297
2012 12 14 17 32 29.640  37.66120 -119.02270  11.430    0.00  0.000  0.000  0.000 298
2012 12 15  6 36 36.560  37.66120 -119.02270  11.430    0.00  0.000  0.000  0.000 299
2012 12  7 21 31 53.280  37.63330 -119.02700  12.900    0.00  0.000  0.000  0.000 300
2012 12  7 20 59 22.360  37.63330 -119.02700  12.900    0.00  0.000  0.000  0.000 301
2012 12  7 20 36 19.100  37.63330 -119.02700  12.900    0.00  0.000  0.000  0.000 302
2012 10 15 21 42 48.100  37.58530 -119.05880   0.380    0.00  0.000  0.000  0.000 303
2012 10  3 10 17 45.760  37.63630 -119.05530   0.060    0.00  0.000  0.000  0.000 304
2012 10  3 13  8 34.260  37.63630 -119.05530   0.060    0.00  0.000  0.000  0.000 305
2012 10  4  5 39 39.220  37.63630 -119.05530   0.060    0.00  0.000  0.000  0.000 306
2012 10  3  9 37 34.980  37.63630 -119.05530   0.060    0.00  0.000  0.000  0.000 307
2012 10  3  9 32 20.520  37.63630 -119.05530   0.060    0.00  0.000  0.000  0.000 308
2012 10  4  6 13 25.180  37.63630 -119.05530   0.060    0.00  0.000  0.000  0.000 309
2012 10  4 10 29 59.080  37.63630 -119.05530   0.060    0.00  0.000  0.000  0.000 310
2012 10  3 14 13 33.060  37.63630 -119.05530   0.060    0.00  0.000  0.000  0.000 311
2012 12 11  3  0 22.580  37.63520 -119.04080   8.730    0.00  0.000  0.000  0.000 312
2012 11 12 12  5 50.700  37.63520 -119.04080   8.730    0.00  0.000  0.000  0.000 313
2012 10  2  7 34 22.600  37.59430 -119.01420   3.030    0.00  0.000  0.000  0.000 314
2012 10 14 10  8 54.680  37.59430 -119.01420   3.030    0.00  0.000  0.000  0.000 315
2012 10  5  3 27 48.160  37.59430 -119.01420   3.030    0.00  0.000  0.000  0.000 316
2012 10 22 15 12 59.180  37.63370 -119.02670   1.100    0.00  0.000  0.000  0.000 317
2012 10 22 15 34 46.100  37.63030 -119.02870   1.800    0.00  0.000  0.000  0.000 318
2012 12 30  5 33 32.840  37.66480 -119.17420  -2.850    0.00  0.000  0.000  0.000 319
2012 12 16  9 48 47.120  37.66480 -119.17420  -2.850    0.00  0.000  0.000  0.000 320
2012 11 22  3 44 38.380  37.63730 -119.04670  12.480    0.00  0.000  0.000  0.000 321
2012 10 29  1  5 13.300  37.63480 -119.03300   9.470    0.00  0.000  0.000  0.000 322
2012 10 14 15 33  3.340  37.64230 -119.00980   4.780    0.00  0.000  0.000  0.000 323
2012 10  4  4 50 35.940  37.59920 -119.00630   2.180    0.00  0.000  0.000  0.000 324
2012 10  8  5 32  1.940  37.63230 -119.04650  13.360    0.00  0.000  0.000  0.000 325
2012 11 12 16 49 41.460  37.64930 -119.06630  13.790    0.00  0.000  0.000  0.000 326
2012 11 16 11  2 46.500  37.64930 -119.06630  13.790    0.00  0.000  0.000  0.000 327
2012 12 28  2 32  2.280  37.63320 -119.02530   1.970    0.00  0.000  0.000  0.000 328
2012 10 26  4 15  0.860  37.63180 -119.13870  12.430    0.00  0.000  0.000  0.000 329
2012 12 13 13 48 59.840  37.64300 -119.06670  12.670    0.00  0.000  0.000  0.000 330
2012 12 16  7 48 54.340  37.64300 -119.06670  12.670    0.00  0.000  0.000  0.000 331
2012 12 13 14  0 56.820  37.64300 -119.06670  12.670    0.00  0.000  0.000  0.000 332
2012 11  6  5 22 39.820  37.64300 -119.06670  12.670    0.00  0.000  0.000  0.000 333
2012 12 13 13 46 24.160  37.64300 -119.06670  12.670    0.00  0.000  0.000  0.000 334
2012 12  9  9 50 26.880  37.64300 -119.06670  12.670    0.00  0.000  0.000  0.000 335
2012 10  6 11 10 56.260  37.60520 -119.01080   1.820    0.00  0.000  0.000  0.000 336
2012 10  6 10 27  3.340  37.60520 -119.01080   1.820    0.00  0.000  0.000  0.000 337
2012 12 21 22 59  3.260  37.60600 -119.01300   1.380    0.00  0.000  0.000  0.000 338
2012 12 27 15 52 48.760  37.60370 -119.06850  15.360    0.00  0.000  0.000  0.000 339
2012 12 27  9 51 25.200  37.60950 -119.07530  16.420    0.00  0.000  0.000  0.000 340
2012 12 27  5 51 19.740  37.60950 -119.07530  16.420    0.00  0.000  0.000  0.000 341
2012 10 31 23 59 29.120  37.61530 -119.06520  19.420    0.00  0.000  0.000  0.000 342
2012 11  1  2  3 49.780  37.61530 -119.06520  19.420    0.00  0.000  0.000  0.000 343
2012 11  1  2 15 53.000  37.61530 -119.06520  19.420    0.00  0.000  0.000  0.000 344
2012 11  4 14 36 53.400  37.61530 -119.06520  19.420    0.00  0.000  0.000  0.000 345
2012 11  4 10 38  2.960  37.61530 -119.06520  19.420    0.00  0.000  0.000  0.000 346
2012 11  4 10 56 41.620  37.61530 -119.06520  19.420    0.00  0.000  0.000  0.000 347
2012 10 29  7  3 44.040  37.62030 -119.04920  19.380    0.00  0.000  0.000  0.000 348
2012 10 29  6 59 10.220  37.62030 -119.04920  19.380    0.00  0.000  0.000  0.000 349
2012 11  3 16 59 14.820  37.60980 -119.05600  18.610    0.00  0.000  0.000  0.000 350
2012 11  3 16 18 38.500  37.60980 -119.05600  18.610    0.00  0.000  0.000  0.000 351
2012 11  3 12 33  0.180  37.60980 -119.05600  18.610    0.00  0.000  0.000  0.000 352
2012 11  3 17 12 20.320  37.60980 -119.05600  18.610    0.00  0.000  0.000  0.000 353
2012 10 29  9 34 13.500  37.61480 -119.05020  19.680    0.00  0.000  0.000  0.000 354
2012 10 29  9 17 35.120  37.61480 -119.05020  19.680    0.00  0.000  0.000  0.000 355
2012 10 29 10 20 37.540  37.61480 -119.05020  19.680    0.00  0.000  0.000  0.000 356
2012 10 29 11 22 10.540  37.61480 -119.05020  19.680    0.00  0.000  0.000  0.000 357
2012 10 29 10 34  0.820  37.61480 -119.05020  19.680    0.00  0.000  0.000  0.000 358
2012 10 29  9 48 19.220  37.61480 -119.05020  19.680    0.00  0.000  0.000  0.000 359
2012 10 29 10 16 54.340  37.61480 -119.05020  19.680    0.00  0.000  0.000  0.000 360
2012 10 30  1  2 56.500  37.62580 -119.03220  18.230    0.00  0.000  0.000  0.000 361
2012 12 28  2 33 28.120  37.63320 -119.02400   2.150    0.00  0.000  0.000  0.000 362
2012 10  6 11 20  5.060  37.60580 -119.00150   2.040    0.00  0.000  0.000  0.000 363
2012 10 14 10 46  2.460  37.60580 -119.00150   2.040    0.00  0.000  0.000  0.000 364
2012 10  6 20 29 28.660  37.60580 -119.00150   2.040    0.00  0.000  0.000  0.000 365
2012 10  9 10 28 21.860  37.60580 -119.00150   2.040    0.00  0.000  0.000  0.000 366
2012 12 27 16 21 38.440  37.61850 -119.11680  13.900    0.00  0.000  0.000  0.000 367
2012 12 27 14 26 25.120  37.61850 -119.11680  13.900    0.00  0.000  0.000  0.000 368
2012 12 27 15 38 24.740  37.61850 -119.11680  13.900    0.00  0.000  0.000  0.000 369
2012 12 27  6 48 30.360  37.61850 -119.11680  13.900    0.00  0.000  0.000  0.000 370
2012 10 22  9 36 55.040  37.63380 -119.03530   0.990    0.00  0.000  0.000  0.000 371
2012 10 22  9 36 16.540  37.63380 -119.03530   0.990    0.00  0.000  0.000  0.000 372
2012 10 15  7 15 54.460  37.63380 -119.03530   0.990    0.00  0.000  0.000  0.000 373
2012 10 20 12 55 32.500  37.62730 -119.00470   0.990    0.00  0.000  0.000  0.000 374
2012 10 29  3 57  0.900  37.62580 -119.02270   3.160    0.00  0.000  0.000  0.000 375
2012 10 29 20  5  1.320  37.62620 -119.03950  18.240    0.00  0.000  0.000  0.000 376
2012 10 29 19 38 58.680  37.62620 -119.03950  18.240    0.00  0.000  0.000  0.000 377
2012 10 29 19 47 15.160  37.62620 -119.03950  18.240    0.00  0.000  0.000  0.000 378
2012 10 29 11 52 31.820  37.62170 -119.04820  18.880    0.00  0.000  0.000  0.000 379
2012 10 20 14 26 57.620  37.58980 -119.01130   0.780    0.00  0.000  0.000  0.000 380
2012 10 30 21 49 28.420  37.62430 -119.04430  10.230    0.00  0.000  0.000  0.000 381
2012 10 14 16  8 20.760  37.62970 -119.03050   1.320    0.00  0.000  0.000  0.000 382
2012 12 27 13  9 46.880  37.60380 -119.06580  14.670    0.00  0.000  0.000  0.000 383
2012 11 10 12 37 36.340  37.63270 -119.07450  13.610    0.00  0.000  0.000  0.000 384
2012 12 25  2 57  6.020  37.59400 -119.01680   1.970    0.00  0.000  0.000  0.000 385
2012 10  2  4 23 22.120  37.63130 -119.02630   1.910    0.00  0.000  0.000  0.000 386
2012 12  8  9 54 29.040  37.63420 -119.02600  12.440    0.00  0.000  0.000  0.000 387
2012 11  4  8 26 15.800  37.62000 -119.06250  19.570    0.00  0.000  0.000  0.000 388
2012 11  4  7 55 58.720  37.62000 -119.06250  19.570    0.00  0.000  0.000  0.000 389
2012 11  4  8  0 43.280  37.62000 -119.06250  19.570    0.00  0.000  0.000  0.000 390
2012 11  4  6 42  4.520  37.62000 -119.06250  19.570    0.00  0.000  0.000  0.000 391
2012 11  4  7 45 27.300  37.62000 -119.06250  19.570    0.00  0.000  0.000  0.000 392
2012 11  4  7 36 32.540  37.62000 -119.06250  19.570    0.00  0.000  0.000  0.000 393
2012 11  4  7 31 33.720  37.62000 -119.06250  19.570    0.00  0.000  0.000  0.000 394
2012 11  4  8  8 47.660  37.62000 -119.06250  19.570    0.00  0.000  0.000  0.000 395
2012 11 25  5 57 23.200  37.61700 -119.02880  18.000    0.00  0.000  0.000  0.000 396
2012 11 25 12 32 41.180  37.61700 -119.02880  18.000    0.00  0.000  0.000  0.000 397
2012 11 10  9 38 53.660  37.65120 -119.17380   7.980    0.00  0.000  0.000  0.000 398
2012 10 30  0  8  4.240  37.62280 -119.04080  18.250    0.00  0.000  0.000  0.000 399
2012 10 30  0 15 40.240  37.62280 -119.04080  18.250    0.00  0.000  0.000  0.000 400
2012 10 29 23 23  8.360  37.62280 -119.04080  18.250    0.00  0.000  0.000  0.000 401
2012 10 30  0  4 43.300  37.62280 -119.04080  18.250    0.00  0.000  0.000  0.000 402
2012 10 30  0 48 11.900  37.62280 -119.04080  18.250    0.00  0.000  0.000  0.000 403
2012 10 29 23 52 12.600  37.62280 -119.04080  18.250    0.00  0.000  0.000  0.000 404
2012 10 29 23 10  5.000  37.62280 -119.04080  18.250    0.00  0.000  0.000  0.000 405
2012 10 30  2 36 46.420  37.62280 -119.04080  18.250    0.00  0.000  0.000  0.000 406
2012 10 29 23 30 36.300  37.62280 -119.04080  18.250    0.00  0.000  0.000  0.000 407
2012 10  5  9  2  8.660  37.58980 -119.00120   1.580    0.00  0.000  0.000  0.000 408
2012 11 14  1 54 38.680  37.68420 -119.12170  11.070    0.00  0.000  0.000  0.000 409
2012 11 14 10 24 18.380  37.68420 -119.12170  11.070    0.00  0.000  0.000  0.000 410
2012 11 10  0 18 13.160  37.59750 -119.06830  20.180    0.00  0.000  0.000  0.000 411
2012 11 26  5 19 39.440  37.65880 -119.08330  13.010    0.00  0.000  0.000  0.000 412
2012 12 25 11 26 21.220  37.65880 -119.08330  13.010    0.00  0.000  0.000  0.000 413
2012 12 14 17  6 10.400  37.63350 -119.02420  14.280    0.00  0.000  0.000  0.000 414
2012 11 22  3 45 23.440  37.63250 -119.11350  13.430    0.00  0.000  0.000  0.000 415
2012 12 27  7 17  4.880  37.61120 -119.08480  15.860    0.00  0.000  0.000  0.000 416
2012 12 27  7 40  6.780  37.61120 -119.08480  15.860    0.00  0.000  0.000  0.000 417
2012 12 27 15 14  1.620  37.61120 -119.08480  15.860    0.00  0.000  0.000  0.000 418
2012 11 10 18  5 25.000  37.63420 -119.05430   7.740    0.00  0.000  0.000  0.000 419
2012 11 11 14 11 41.600  37.63420 -119.05430   7.740    0.00  0.000  0.000  0.000 420
2012 10 29 16 27 48.340  37.57420 -119.04850  14.250    0.00  0.000  0.000  0.000 421
2012 10 29 13 38 21.660  37.62250 -119.05150  19.770    0.00  0.000  0.000  0.000 422
2012 11  6 11 40  9.360  37.58600 -119.00720   0.750    0.00  0.000  0.000  0.000 423
2012 10  3 20 31 38.800  37.62930 -119.04000   1.160    0.00  0.000  0.000  0.000 424
2012 10  1  4 13 14.180  37.58930 -119.00620   1.810    0.00  0.000  0.000  0.000 425
2012 10  1  9 30  6.520  37.58930 -119.00620   1.810    0.00  0.000  0.000  0.000 426
2012 10  6 20 51 36.820  37.58930 -119.00620   1.810    0.00  0.000  0.000  0.000 427
2012 10  9 12 59 49.180  37.58930 -119.00620   1.810    0.00  0.000  0.000  0.000 428
2012 12 27 14 49 39.140  37.60770 -119.07250  15.880    0.00  0.000  0.000  0.000 429
2012 12 27 14 55 25.560  37.60770 -119.07250  15.880    0.00  0.000  0.000  0.000 430
2012 12 27 14 20 33.280  37.60770 -119.07250  15.880    0.00  0.000  0.000  0.000 431
2012 12 27 14 20  7.200  37.60770 -119.07250  15.880    0.00  0.000  0.000  0.000 432
2012 12 27 12 53  2.980  37.60770 -119.07250  15.880    0.00  0.000  0.000  0.000 433
2012 12  9  6 40 24.080  37.64430 -119.04400   0.420    0.00  0.000  0.000  0.000 434
2012 12  9  8 30 47.660  37.64430 -119.04400   0.420    0.00  0.000  0.000  0.000 435
2012 12  9  6 39  4.040  37.64430 -119.04400   0.420    0.00  0.000  0.000  0.000 436
2012 12  9  8 19 57.680  37.64430 -119.04400   0.420    0.00  0.000  0.000  0.000 437
2012 12  9  7 38 35.000  37.64430 -119.04400   0.420    0.00  0.000  0.000  0.000 438
2012 12  9  7  9 55.380  37.64430 -119.04400   0.420    0.00  0.000  0.000  0.000 439
2012 12  9 11 49 40.120  37.64430 -119.04400   0.420    0.00  0.000  0.000  0.000 440
2012 12  9  8 33 45.780  37.64430 -119.04400   0.420    0.00  0.000  0.000  0.000 441
2012 12  9  7 10 47.920  37.64430 -119.04400   0.420    0.00  0.000  0.000  0.000 442
2012 12  9 12 18 49.160  37.64430 -119.04400   0.420    0.00  0.000  0.000  0.000 443
2012 12  9  8 23 29.980  37.64430 -119.04400   0.420    0.00  0.000  0.000  0.000 444
2012 12  9  7 59 27.620  37.64430 -119.04400   0.420    0.00  0.000  0.000  0.000 445
2012 12  9  7  1 37.440  37.64430 -119.04400   0.420    0.00  0.000  0.000  0.000 446
2012 12  9  7 21 40.440  37.64430 -119.04400   0.420    0.00  0.000  0.000  0.000 447
2012 12  9 11 11 10.900  37.64430 -119.04400   0.420    0.00  0.000  0.000  0.000 448
2012 12  9 11  8 50.220  37.64430 -119.04400   0.420    0.00  0.000  0.000  0.000 449
2012 12  9 11 20 17.140  37.64430 -119.04400   0.420    0.00  0.000  0.000  0.000 450
2012 12  9  8 48 11.740  37.64430 -119.04400   0.420    0.00  0.000  0.000  0.000 451
2012 12  9 11 16 28.600  37.64430 -119.04400   0.420    0.00  0.000  0.000  0.000 452
2012 12  9  8 38  8.540  37.64430 -119.04400   0.420    0.00  0.000  0.000  0.000 453
2012 12  9  7 54 40.440  37.64430 -119.04400   0.420    0.00  0.000  0.000  0.000 454
2012 12  9  5 56 13.160  37.64430 -119.04400   0.420    0.00  0.000  0.000  0.000 455
2012 12  9  5 55  5.460  37.64430 -119.04400   0.420    0.00  0.000  0.000  0.000 456
2012 12  9  7 20 10.540  37.64430 -119.04400   0.420    0.00  0.000  0.000  0.000 457
2012 12  9 16  7 14.080  37.64430 -119.04400   0.420    0.00  0.000  0.000  0.000 458
2012 12  9 11 33 18.580  37.64430 -119.04400   0.420    0.00  0.000  0.000  0.000 459
2012 11  4  9 28 24.600  37.61200 -119.05820  19.750    0.00  0.000  0.000  0.000 460
2012 12 15  9 58 18.180  37.63020 -119.03280  16.760    0.00  0.000  0.000  0.000 461
2012 12 15 10 40 47.280  37.63020 -119.03280  16.760    0.00  0.000  0.000  0.000 462
2012 12 15 11 16 11.220  37.63020 -119.03280  16.760    0.00  0.000  0.000  0.000 463
2012 12 15  9 36 52.280  37.63020 -119.03280  16.760    0.00  0.000  0.000  0.000 464
2012 12 15 10 42 57.120  37.63020 -119.03280  16.760    0.00  0.000  0.000  0.000 465
2012 12 28  1 39  1.380  37.63000 -119.03530   2.540    0.00  0.000  0.000  0.000 466
2012 10 20 14 35 22.640  37.59480 -119.00130   1.060    0.00  0.000  0.000  0.000 467
2012 10 22 15 11 46.400  37.63100 -119.03430   1.080    0.00  0.000  0.000  0.000 468
2012 10 22 16 25 38.320  37.63100 -119.03430   1.080    0.00  0.000  0.000  0.000 469
2012 10 22 14 40 28.840  37.63100 -119.03430   1.080    0.00  0.000  0.000  0.000 470
2012 10 22 14 42 37.700  37.63100 -119.03430   1.080    0.00  0.000  0.000  0.000 471
2012 12 27 22 57 46.400  37.61400 -119.06750  15.230    0.00  0.000  0.000  0.000 472
2012 11 28 13 39  1.720  37.65580 -119.12220  10.870    0.00  0.000  0.000  0.000 473
2012 10 26  7 33 57.280  37.64770 -119.01730   0.270    0.00  0.000  0.000  0.000 474
2012 12  5 21  8 11.800  37.63230 -119.02950   2.550    0.00  0.000  0.000  0.000 475
2012 12  8 10  6 11.560  37.62470 -119.03920  13.520    0.00  0.000  0.000  0.000 476
2012 10  2  6 10 56.320  37.63580 -119.02950   1.810    0.00  0.000  0.000  0.000 477
2012 10  2  6 14 39.720  37.63580 -119.02950   1.810    0.00  0.000  0.000  0.000 478
2012 10  2  6 11 42.900  37.63580 -119.02950   1.810    0.00  0.000  0.000  0.000 479
2012 10  2  6 24  7.980  37.63580 -119.02950   1.810    0.00  0.000  0.000  0.000 480
2012 11 22 11 24 48.300  37.64270 -119.18780  10.260    0.00  0.000  0.000  0.000 481
2012 10  2  0  4 45.180  37.60030 -119.00480   1.690    0.00  0.000  0.000  0.000 482
2012 10 19  1 15 10.180  37.63330 -119.03930   0.620    0.00  0.000  0.000  0.000 483
2012 10  1  0 29 59.520  37.65300 -119.02100   0.410    0.00  0.000  0.000  0.000 484
2012 10  1 15  1 17.760  37.65300 -119.02100   0.410    0.00  0.000  0.000  0.000 485
2012 11 10 16 53 33.120  37.62250 -119.01180   1.840    0.00  0.000  0.000  0.000 486
2012 11 10 21  0 42.380  37.62250 -119.01180   1.840    0.00  0.000  0.000  0.000 487
2012 11 14  7 25 31.500  37.62250 -119.01180   1.840    0.00  0.000  0.000  0.000 488
2012 10 26 16 57  0.160  37.64820 -119.04150  -0.700    0.00  0.000  0.000  0.000 489
2012 12 27 10 25  0.680  37.61220 -119.07320  16.500    0.00  0.000  0.000  0.000 490
2012 10  3 20 29 36.840  37.63230 -119.03920   0.510    0.00  0.000  0.000  0.000 491
2012 10  9  7 35 52.520  37.61050 -119.01370   1.960    0.00  0.000  0.000  0.000 492
2012 10 29 12 43 36.200  37.62520 -119.04270  19.910    0.00  0.000  0.000  0.000 493
2012 10  3  3 38 47.440  37.65620 -119.02280  -0.080    0.00  0.000  0.000  0.000 494
2012 10  3  3 38 11.660  37.65620 -119.02280  -0.080    0.00  0.000  0.000  0.000 495
2012 11  2 14 55 58.040  37.58600 -119.11680  28.760    0.00  0.000  0.000  0.000 496
2012 11 10 18 33 11.320  37.63020 -119.01950   0.030    0.00  0.000  0.000  0.000 497
2012 12  8  3 26 43.680  37.62770 -119.04650  15.650    0.00  0.000  0.000  0.000 498
2012 10 19  1 15 32.740  37.63550 -119.03850  -0.530    0.00  0.000  0.000  0.000 499
2012 12  7  8 26 39.080  37.63280 -119.02330  10.030    0.00  0.000  0.000  0.000 500
2012 10  3 11 43 29.560  37.62620 -119.05750   0.040    0.00  0.000  0.000  0.000 501
2012 10  3  7 42 12.920  37.62620 -119.05750   0.040    0.00  0.000  0.000  0.000 502
2012 10 21  4 37 31.420  37.58680 -119.00250   1.380    0.00  0.000  0.000  0.000 503
2012 12 31 14 21  0.960  37.63080 -119.04250  -1.580    0.00  0.000  0.000  0.000 504
2012 12 27  9 31 55.340  37.61980 -119.06830  16.010    0.00  0.000  0.000  0.000 505
2012 12 27  5 27 10.540  37.61980 -119.06830  16.010    0.00  0.000  0.000  0.000 506
2012 12 27 10 34 27.200  37.61980 -119.06830  16.010    0.00  0.000  0.000  0.000 507
2012 12 27  8 18 22.880  37.61980 -119.06830  16.010    0.00  0.000  0.000  0.000 508
2012 12 27 11 45 19.680  37.61980 -119.06830  16.010    0.00  0.000  0.000  0.000 509
2012 11 20 15 58 42.000  37.64230 -119.09770  12.700    0.00  0.000  0.000  0.000 510
2012 10 30  5  9 55.160  37.62080 -119.04700  18.780    0.00  0.000  0.000  0.000 511
2012 10 30  3 52 13.560  37.62080 -119.04700  18.780    0.00  0.000  0.000  0.000 512
2012 10 30  6 26 10.580  37.62080 -119.04700  18.780    0.00  0.000  0.000  0.000 513
2012 10 20 10 55 30.140  37.64050 -119.03180   1.440    0.00  0.000  0.000  0.000 514
2012 10 19  1 10 18.800  37.63600 -119.03620   0.250    0.00  0.000  0.000  0.000 515
2012 10 19  1 10 28.640  37.63600 -119.03620   0.250    0.00  0.000  0.000  0.000 516
2012 10 19  1 11 41.660  37.63600 -119.03620   0.250    0.00  0.000  0.000  0.000 517
2012 10 19  1 10 38.440  37.63600 -119.03620   0.250    0.00  0.000  0.000  0.000 518
2012 11  4  2 25 36.160  37.63430 -119.02870  11.520    0.00  0.000  0.000  0.000 519
2012 11  3  0 48 22.640  37.63430 -119.02870  11.520    0.00  0.000  0.000  0.000 520
2012 10 29 16 29  8.120  37.62130 -119.04350  18.270    0.00  0.000  0.000  0.000 521
2012 10 29 12 20 43.960  37.61230 -119.04380  21.390    0.00  0.000  0.000  0.000 522
2012 10 29 12 22  0.920  37.61230 -119.04380  21.390    0.00  0.000  0.000  0.000 523
2012 10 29 12 31 59.520  37.61230 -119.04380  21.390    0.00  0.000  0.000  0.000 524
2012 10 29 11 58 40.420  37.61230 -119.04380  21.390    0.00  0.000  0.000  0.000 525
2012 10 29 12  4  0.520  37.61230 -119.04380  21.390    0.00  0.000  0.000  0.000 526
2012 11  6 14  0 48.040  37.63700 -119.03050   2.850    0.00  0.000  0.000  0.000 527
2012 10  7  4 34  8.020  37.63370 -119.04870   1.030    0.00  0.000  0.000  0.000 528
2012 11 14 19 40 23.540  37.61350 -119.05830  16.060    0.00  0.000  0.000  0.000 529
2012 11 14 19 26 26.720  37.61350 -119.05830  16.060    0.00  0.000  0.000  0.000 530
2012 11 14 20  2  2.320  37.61350 -119.05830  16.060    0.00  0.000  0.000  0.000 531
2012 10 27  6  0 13.780  37.59650 -119.00370   1.050    0.00  0.000  0.000  0.000 532
2012 10 27  6  2 47.160  37.59650 -119.00370   1.050    0.00  0.000  0.000  0.000 533
2012 10 27 10 10 31.300  37.59650 -119.00370   1.050    0.00  0.000  0.000  0.000 534
2012 11  6 21 53 43.580  37.59650 -119.00370   1.050    0.00  0.000  0.000  0.000 535
2012 11 11  5 30 30.780  37.59650 -119.00370   1.050    0.00  0.000  0.000  0.000 536
2012 10 27  7 34 53.680  37.59650 -119.00370   1.050    0.00  0.000  0.000  0.000 537
2012 11 11  7  9 21.700  37.59650 -119.00370   1.050    0.00  0.000  0.000  0.000 538
2012 10 27 13 49 18.560  37.59650 -119.00370   1.050    0.00  0.000  0.000  0.000 539
2012 12 19 19 27 26.260  37.59650 -119.00370   1.050    0.00  0.000  0.000  0.000 540
2012 10 20 18  3 23.620  37.58070 -119.03430  -0.550    0.00  0.000  0.000  0.000 541
2012 12 16 20 21 57.760  37.62150 -119.03250  16.330    0.00  0.000  0.000  0.000 542
2012 12 16 12 25 18.860  37.62150 -119.03250  16.330    0.00  0.000  0.000  0.000 543
2012 11 24 23 57 48.220  37.60770 -119.02180  17.240    0.00  0.000  0.000  0.000 544
2012 10  1  3 46 39.280  37.65370 -119.02320  -0.120    0.00  0.000  0.000  0.000 545
2012 10  1  4 23 12.140  37.65370 -119.02320  -0.120    0.00  0.000  0.000  0.000 546
2012 12 27 14 56  6.480  37.61430 -119.09180  15.890    0.00  0.000  0.000  0.000 547
2012 12 27  8 56 16.920  37.61430 -119.09180  15.890    0.00  0.000  0.000  0.000 548
2012 12 27 14 47  5.580  37.61430 -119.09180  15.890    0.00  0.000  0.000  0.000 549
2012 12 27 14 53 35.040  37.61430 -119.09180  15.890    0.00  0.000  0.000  0.000 550
2012 12 27  6 50 54.600  37.61430 -119.09180  15.890    0.00  0.000  0.000  0.000 551
2012 12 27 16 44  1.460  37.61430 -119.09180  15.890    0.00  0.000  0.000  0.000 552
2012 12 27 15 13  5.680  37.61430 -119.09180  15.890    0.00  0.000  0.000  0.000 553
2012 12 27  6 41 54.600  37.61430 -119.09180  15.890    0.00  0.000  0.000  0.000 554
2012 12 27  8 28 29.500  37.61430 -119.09180  15.890    0.00  0.000  0.000  0.000 555
2012 12 27  7 51 12.740  37.61430 -119.09180  15.890    0.00  0.000  0.000  0.000 556
2012 12 27 16 57 22.800  37.61430 -119.09180  15.890    0.00  0.000  0.000  0.000 557
2012 12 27 14 29 23.300  37.61430 -119.09180  15.890    0.00  0.000  0.000  0.000 558
2012 12 27 15 23  6.360  37.61430 -119.09180  15.890    0.00  0.000  0.000  0.000 559
2012 12 27  8 10 44.540  37.61430 -119.09180  15.890    0.00  0.000  0.000  0.000 560
2012 12 27 14 51 58.420  37.61430 -119.09180  15.890    0.00  0.000  0.000  0.000 561
2012 12 27  8 32 58.600  37.61430 -119.09180  15.890    0.00  0.000  0.000  0.000 562
2012 12 27 12 55 48.620  37.60770 -119.07520  16.350    0.00  0.000  0.000  0.000 563
2012 12 27 16 22  7.780  37.60770 -119.07520  16.350    0.00  0.000  0.000  0.000 564
2012 12 27 15 17 19.140  37.60770 -119.07520  16.350    0.00  0.000  0.000  0.000 565
2012 12 27 12 52 28.700  37.60770 -119.07520  16.350    0.00  0.000  0.000  0.000 566
2012 12 30  8  4 53.780  37.65780 -119.17550  11.860    0.00  0.000  0.000  0.000 567
2012 10 18 14 28 15.640  37.64780 -119.04670  -0.530    0.00  0.000  0.000  0.000 568
2012 12 31 22 45 34.380  37.64880 -119.04500  13.590    0.00  0.000  0.000  0.000 569
2012 12 31 22 37  4.880  37.67620 -119.04520  17.770    0.00  0.000  0.000  0.000 570
2012 10  5  3 58 43.100  37.60280 -119.00530   2.520    0.00  0.000  0.000  0.000 571
2012 10  3 20 28 56.940  37.63130 -119.04480   0.330    0.00  0.000  0.000  0.000 572
2012 12  8  2  9 48.040  37.63320 -119.02980  13.870    0.00  0.000  0.000  0.000 573
2012 12  8  1 40 26.860  37.63320 -119.02980  13.870    0.00  0.000  0.000  0.000 574
2012 12  8  2 26 45.480  37.63320 -119.02980  13.870    0.00  0.000  0.000  0.000 575
2012 10  3  9 47 41.200  37.63400 -119.05820   0.060    0.00  0.000  0.000  0.000 576
2012 12 28  7 22 19.540  37.59900 -119.05980  15.440    0.00  0.000  0.000  0.000 577
2012 12 28  6  1  3.040  37.59900 -119.05980  15.440    0.00  0.000  0.000  0.000 578
2012 12 28  5 44 58.380  37.59900 -119.05980  15.440    0.00  0.000  0.000  0.000 579
2012 11 15  0  3  0.020  37.59900 -119.05980  15.440    0.00  0.000  0.000  0.000 580
2012 10 30  1 41 30.100  37.63100 -119.02580  17.380    0.00  0.000  0.000  0.000 581
2012 10 29 22 18 14.700  37.63470 -119.04300  18.050    0.00  0.000  0.000  0.000 582
2012 10 29 23 15  1.940  37.63470 -119.04300  18.050    0.00  0.000  0.000  0.000 583
2012 10 30  1  7 43.140  37.63470 -119.04300  18.050    0.00  0.000  0.000  0.000 584
2012 10 29 23 14 39.280  37.63470 -119.04300  18.050    0.00  0.000  0.000  0.000 585
2012 12 14 17 51  1.800  37.63030 -119.02700  14.840    0.00  0.000  0.000  0.000 586
2012 12 14 17 50  3.420  37.63030 -119.02700  14.840    0.00  0.000  0.000  0.000 587
2012 12 15  7 58 28.140  37.63030 -119.02700  14.840    0.00  0.000  0.000  0.000 588
2012 12 16  5 22 49.660  37.63280 -119.04350  13.070    0.00  0.000  0.000  0.000 589
2012 12 27 18  6 14.720  37.61270 -119.06320  16.220    0.00  0.000  0.000  0.000 590
2012 12 27 19 12 55.580  37.61270 -119.06320  16.220    0.00  0.000  0.000  0.000 591
2012 12 27 17 23 30.560  37.61270 -119.06320  16.220    0.00  0.000  0.000  0.000 592
2012 12 27 18 41 40.440  37.61270 -119.06320  16.220    0.00  0.000  0.000  0.000 593
2012 12 27 17 43 19.880  37.61270 -119.06320  16.220    0.00  0.000  0.000  0.000 594
2012 12 27 16 50 40.620  37.61270 -119.06320  16.220    0.00  0.000  0.000  0.000 595
2012 12 27 16 10 46.580  37.61270 -119.06320  16.220    0.00  0.000  0.000  0.000 596
2012 12 27 13 27 48.100  37.61270 -119.06320  16.220    0.00  0.000  0.000  0.000 597
2012 12 27 15 28 19.500  37.61270 -119.06320  16.220    0.00  0.000  0.000  0.000 598
2012 12 27 19  6 13.280  37.61270 -119.06320  16.220    0.00  0.000  0.000  0.000 599
2012 12 27 17 21 24.720  37.61270 -119.06320  16.220    0.00  0.000  0.000  0.000 600
2012 12 27 15  2 59.720  37.61270 -119.06320  16.220    0.00  0.000  0.000  0.000 601
2012 12 27 13  7 14.020  37.61270 -119.06320  16.220    0.00  0.000  0.000  0.000 602
2012 12 27 16 58  3.760  37.61270 -119.06320  16.220    0.00  0.000  0.000  0.000 603
2012 12 27 17  1 58.160  37.61270 -119.06320  16.220    0.00  0.000  0.000  0.000 604
2012 12 27 15  3 42.760  37.61270 -119.06320  16.220    0.00  0.000  0.000  0.000 605
2012 10 29 19  4 56.260  37.62300 -119.04720  18.950    0.00  0.000  0.000  0.000 606
2012 12 27 19 47 22.400  37.60770 -119.08280  14.830    0.00  0.000  0.000  0.000 607
2012 10 29 12 10 33.200  37.62170 -119.04530  20.720    0.00  0.000  0.000  0.000 608
2012 10 29 12 32 55.740  37.62170 -119.04530  20.720    0.00  0.000  0.000  0.000 609
2012 10 29 12  1 54.240  37.62170 -119.04530  20.720    0.00  0.000  0.000  0.000 610
2012 10 29 11 50 34.700  37.62170 -119.04530  20.720    0.00  0.000  0.000  0.000 611
2012 10 29 12 14 55.500  37.62170 -119.04530  20.720    0.00  0.000  0.000  0.000 612
2012 10 29 12 26 41.400  37.62170 -119.04530  20.720    0.00  0.000  0.000  0.000 613
2012 10 29 11 36 19.100  37.62170 -119.04530  20.720    0.00  0.000  0.000  0.000 614
2012 10 29 13 36 45.380  37.61600 -119.04580  21.420    0.00  0.000  0.000  0.000 615
2012 10 29 13 28  7.720  37.61600 -119.04580  21.420    0.00  0.000  0.000  0.000 616
2012 10 29 13 37 20.960  37.61600 -119.04580  21.420    0.00  0.000  0.000  0.000 617
2012 10 30  3 12  5.060  37.61520 -119.04100  17.720    0.00  0.000  0.000  0.000 618
2012 10 30  3 11 37.560  37.61520 -119.04100  17.720    0.00  0.000  0.000  0.000 619
2012 10  1 15 47  0.340  37.59180 -119.16030   3.960    0.00  0.000  0.000  0.000 620
2012 12 27  9 14 49.760  37.60550 -119.06670  13.980    0.00  0.000  0.000  0.000 621
2012 12 27 15 45 49.980  37.60550 -119.06670  13.980    0.00  0.000  0.000  0.000 622
2012 12 27 18  4 27.360  37.60550 -119.06670  13.980    0.00  0.000  0.000  0.000 623
2012 10 10  1 53 18.560  37.64650 -119.04450  -0.280    0.00  0.000  0.000  0.000 624
2012 10 17 13 41 53.980  37.63870 -119.03500  -1.150    0.00  0.000  0.000  0.000 625
2012 12  8  2 34 24.780  37.63350 -119.03300  13.460    0.00  0.000  0.000  0.000 626
2012 12  7 19 28  0.020  37.63350 -119.03020  13.270    0.00  0.000  0.000  0.000 627
2012 12  7 18 16 23.600  37.63350 -119.03020  13.270    0.00  0.000  0.000  0.000 628
2012 12  7 19 56 42.680  37.63350 -119.03020  13.270    0.00  0.000  0.000  0.000 629
2012 12  7 20 16 47.080  37.63350 -119.03020  13.270    0.00  0.000  0.000  0.000 630
2012 12  8  0  3 47.420  37.63100 -119.02700  13.620    0.00  0.000  0.000  0.000 631
2012 12  7 22 53 17.820  37.63100 -119.02700  13.620    0.00  0.000  0.000  0.000 632
2012 12  8  0 52 36.880  37.63100 -119.02700  13.620    0.00  0.000  0.000  0.000 633
2012 12  7 21  2 44.940  37.63100 -119.02700  13.620    0.00  0.000  0.000  0.000 634
2012 12  7 23 28 52.400  37.63100 -119.02700  13.620    0.00  0.000  0.000  0.000 635
2012 12  7 23 49 27.380  37.63100 -119.02700  13.620    0.00  0.000  0.000  0.000 636
2012 12  7 22 49 18.540  37.63100 -119.02700  13.620    0.00  0.000  0.000  0.000 637
2012 12  7 23 10 13.080  37.63100 -119.02700  13.620    0.00  0.000  0.000  0.000 638
2012 12  8  0 11 27.600  37.63100 -119.02700  13.620    0.00  0.000  0.000  0.000 639
2012 10 29 16 52 42.300  37.62420 -119.04400  19.060    0.00  0.000  0.000  0.000 640
2012 10 29 18 55 53.280  37.62420 -119.04400  19.060    0.00  0.000  0.000  0.000 641
2012 10 29 16 29 42.760  37.62420 -119.04400  19.060    0.00  0.000  0.000  0.000 642
2012 10 29 16 28 29.660  37.62420 -119.04400  19.060    0.00  0.000  0.000  0.000 643
2012 10 29 14 38 22.380  37.62420 -119.04400  19.060    0.00  0.000  0.000  0.000 644
2012 12  9  8  4 17.820  37.63720 -119.07530  14.680    0.00  0.000  0.000  0.000 645
2012 11 20 22  4 35.860  37.63720 -119.07530  14.680    0.00  0.000  0.000  0.000 646
2012 12 16  5 26 45.560  37.63720 -119.07530  14.680    0.00  0.000  0.000  0.000 647
2012 11 23 21  8 59.600  37.63720 -119.07530  14.680    0.00  0.000  0.000  0.000 648
2012 10  9 11 24 44.960  37.59970 -119.00530   1.510    0.00  0.000  0.000  0.000 649
2012 10 22  9 35 43.560  37.65570 -119.02320  -2.400    0.00  0.000  0.000  0.000 650
2012 10 17 23 30 31.060  37.64630 -119.04630  -0.140    0.00  0.000  0.000  0.000 651
2012 12 28  2 13 15.280  37.61330 -119.06820  14.990    0.00  0.000  0.000  0.000 652
2012 10  4  9  4 31.340  37.63450 -119.05770   0.360    0.00  0.000  0.000  0.000 653
2012 10  4 10 58 12.560  37.63450 -119.05770   0.360    0.00  0.000  0.000  0.000 654
2012 10  4  7 27 39.220  37.63450 -119.05770   0.360    0.00  0.000  0.000  0.000 655
2012 10  4  9  2 35.900  37.63450 -119.05770   0.360    0.00  0.000  0.000  0.000 656
2012 10  3  9 30 48.940  37.63450 -119.05770   0.360    0.00  0.000  0.000  0.000 657
2012 10  6  6 53 28.380  37.63450 -119.05770   0.360    0.00  0.000  0.000  0.000 658
2012 10  3 13 10 38.140  37.63450 -119.05770   0.360    0.00  0.000  0.000  0.000 659
2012 10  4  6 23 25.400  37.63450 -119.05770   0.360    0.00  0.000  0.000  0.000 660
2012 10  4 11 47 18.500  37.63450 -119.05770   0.360    0.00  0.000  0.000  0.000 661
2012 10  4  9  5  2.600  37.63450 -119.05770   0.360    0.00  0.000  0.000  0.000 662
2012 10  3 10 29 49.640  37.63450 -119.05770   0.360    0.00  0.000  0.000  0.000 663
2012 10  3 10 17 28.440  37.63450 -119.05770   0.360    0.00  0.000  0.000  0.000 664
2012 10  4  9  4 18.100  37.63450 -119.05770   0.360    0.00  0.000  0.000  0.000 665
2012 10  7 15 24 32.620  37.60980 -119.00420   1.250    0.00  0.000  0.000  0.000 666
2012 10 20  0 45 50.460  37.60980 -119.00420   1.250    0.00  0.000  0.000  0.000 667
2012 10  1  7 44 10.760  37.60980 -119.00420   1.250    0.00  0.000  0.000  0.000 668
2012 10  1  9 32 30.680  37.60980 -119.00420   1.250    0.00  0.000  0.000  0.000 669
2012 10  6 23 13 19.300  37.60980 -119.00420   1.250    0.00  0.000  0.000  0.000 670
2012 10 29  6 48  3.900  37.62930 -119.04430  19.330    0.00  0.000  0.000  0.000 671
2012 10 29  8 17  2.920  37.62930 -119.04430  19.330    0.00  0.000  0.000  0.000 672
2012 10 29  5  8 40.040  37.62930 -119.04430  19.330    0.00  0.000  0.000  0.000 673
2012 10 29  9 26 25.560  37.62930 -119.04430  19.330    0.00  0.000  0.000  0.000 674
2012 10 29  5 53 35.800  37.62930 -119.04430  19.330    0.00  0.000  0.000  0.000 675
2012 10 29  8 16 45.440  37.62930 -119.04430  19.330    0.00  0.000  0.000  0.000 676
2012 10 29  5 33  9.080  37.62930 -119.04430  19.330    0.00  0.000  0.000  0.000 677
2012 10 29  5 27 38.680  37.62930 -119.04430  19.330    0.00  0.000  0.000  0.000 678
2012 10 29  5 41 45.320  37.62930 -119.04430  19.330    0.00  0.000  0.000  0.000 679
2012 12  8  2 33 13.280  37.64220 -119.02650  14.010    0.00  0.000  0.000  0.000 680
2012 12  8  1  3 10.020  37.64220 -119.02650  14.010    0.00  0.000  0.000  0.000 681
2012 12 27  6 38 19.280  37.61920 -119.07230  16.240    0.00  0.000  0.000  0.000 682
2012 12 27  6 27 38.660  37.61920 -119.07230  16.240    0.00  0.000  0.000  0.000 683
2012 10 18 15 18  7.880  37.59370 -119.00370   1.960    0.00  0.000  0.000  0.000 684
2012 11 11 19 55 28.360  37.62880 -119.07250  13.370    0.00  0.000  0.000  0.000 685
2012 12 16  5 25 40.660  37.64230 -119.07880  13.860    0.00  0.000  0.000  0.000 686
2012 12 16  5 26 57.660  37.64230 -119.07880  13.860    0.00  0.000  0.000  0.000 687
2012 10 31  2 32 54.040  37.64230 -119.07880  13.860    0.00  0.000  0.000  0.000 688
2012 10  3  6 17  3.320  37.65220 -119.02150  -0.190    0.00  0.000  0.000  0.000 689
2012 10  1 14  3 15.580  37.65220 -119.02150  -0.190    0.00  0.000  0.000  0.000 690
2012 10  1  3 10 28.580  37.65220 -119.02150  -0.190    0.00  0.000  0.000  0.000 691
2012 11 28 14 31 43.680  37.63470 -119.06650   8.480    0.00  0.000  0.000  0.000 692
2012 10 13 23  9 10.780  37.65430 -119.02370  -0.030    0.00  0.000  0.000  0.000 693
2012 11  7  7 34 51.220  37.65430 -119.02370  -0.030    0.00  0.000  0.000  0.000 694
2012 11  7  7 36  6.500  37.65430 -119.02370  -0.030    0.00  0.000  0.000  0.000 695
2012 12 27 18  9 22.500  37.60600 -119.07030  15.590    0.00  0.000  0.000  0.000 696
2012 11 22 10 46  3.740  37.63220 -119.02820   0.000    0.00  0.000  0.000  0.000 697
2012 10 22  9 36 36.080  37.63050 -119.03350   1.380    0.00  0.000  0.000  0.000 698
2012 10 22  9 37 16.820  37.63050 -119.03350   1.380    0.00  0.000  0.000  0.000 699
2012 10 20 10 55 49.500  37.63630 -119.03380   1.300    0.00  0.000  0.000  0.000 700
2012 10 29 22 36 44.700  37.62000 -119.03700  18.310    0.00  0.000  0.000  0.000 701
2012 10 29 22  3  2.920  37.62000 -119.03700  18.310    0.00  0.000  0.000  0.000 702
2012 12  7  9 15  4.240  37.63380 -119.03370  12.340    0.00  0.000  0.000  0.000 703
2012 12  7 22  3  1.160  37.63380 -119.03370  12.340    0.00  0.000  0.000  0.000 704
2012 12  7 19 18 19.140  37.63380 -119.03370  12.340    0.00  0.000  0.000  0.000 705
2012 12  7 19 43 31.420  37.63380 -119.03370  12.340    0.00  0.000  0.000  0.000 706
2012 12  7  9 11 36.480  37.63380 -119.03370  12.340    0.00  0.000  0.000  0.000 707
2012 12  7 19  3 51.620  37.63380 -119.03370  12.340    0.00  0.000  0.000  0.000 708
2012 12  7 20 17  3.660  37.63380 -119.03370  12.340    0.00  0.000  0.000  0.000 709
2012 12  7 19  4 35.080  37.63380 -119.03370  12.340    0.00  0.000  0.000  0.000 710
2012 10 10 18 46 10.780  37.59880 -119.01070   1.780    0.00  0.000  0.000  0.000 711
2012 10 13 12  8 46.940  37.59880 -119.01070   1.780    0.00  0.000  0.000  0.000 712
2012 12 28  2 32 16.340  37.63400 -119.02480   2.100    0.00  0.000  0.000  0.000 713
2012 12 28  1 33 51.860  37.63400 -119.02480   2.100    0.00  0.000  0.000  0.000 714
2012 12 28  4 51 32.920  37.63230 -119.03600   8.780    0.00  0.000  0.000  0.000 715
2012 10 31  2 28 47.700  37.63230 -119.03600   8.780    0.00  0.000  0.000  0.000 716
2012 11 15  8 11 25.280  37.63230 -119.03600   8.780    0.00  0.000  0.000  0.000 717
2012 12  9  1 13  1.080  37.61980 -119.01820   0.440    0.00  0.000  0.000  0.000 718
2012 12 10 10 22 23.720  37.61980 -119.01820   0.440    0.00  0.000  0.000  0.000 719
2012 11  4  7 24 32.460  37.62600 -119.11080  25.660    0.00  0.000  0.000  0.000 720
2012 11 24  8 46 35.600  37.63130 -119.06750  15.140    0.00  0.000  0.000  0.000 721
2012 10 31 10 40 58.660  37.57050 -119.01950   3.480    0.00  0.000  0.000  0.000 722
2012 10 10  3 34 46.720  37.60000 -119.01230   1.950    0.00  0.000  0.000  0.000 723
2012 10 20  4 50  3.740  37.63550 -119.03680   0.420    0.00  0.000  0.000  0.000 724
2012 10 20  4 44  3.480  37.63550 -119.03680   0.420    0.00  0.000  0.000  0.000 725
2012 10  1  9 38 15.920  37.63550 -119.03680   0.420    0.00  0.000  0.000  0.000 726
2012 10 20  4 44 14.100  37.63550 -119.03680   0.420    0.00  0.000  0.000  0.000 727
2012 12 10 23 51 19.100  37.63600 -119.05180  12.380    0.00  0.000  0.000  0.000 728
2012 12 27  6 59  8.880  37.64820 -119.00720   4.050    0.00  0.000  0.000  0.000 729
2012 12 27  8 31  0.100  37.61650 -119.07050  15.430    0.00  0.000  0.000  0.000 730
2012 12 27  8  8 50.660  37.61650 -119.07050  15.430    0.00  0.000  0.000  0.000 731
2012 11 15 15 44 21.420  37.61200 -119.02200   0.960    0.00  0.000  0.000  0.000 732
2012 12 27  8 19 56.340  37.63270 -119.04980  14.840    0.00  0.000  0.000  0.000 733
2012 12 27  7 34 52.260  37.63270 -119.04980  14.840    0.00  0.000  0.000  0.000 734
2012 12 27  7 51 56.620  37.63270 -119.04980  14.840    0.00  0.000  0.000  0.000 735
2012 10 29 12 17  4.240  37.62470 -119.05450  20.500    0.00  0.000  0.000  0.000 736
2012 10  1  4 17 36.880  37.59780 -119.00550   1.400    0.00  0.000  0.000  0.000 737
2012 10 12  8  2 45.700  37.63550 -119.02870   1.340    0.00  0.000  0.000  0.000 738
2012 10 20 10 56 27.920  37.63080 -119.03920   2.310    0.00  0.000  0.000  0.000 739
2012 11  4  7 20 14.740  37.63250 -119.05030  12.190    0.00  0.000  0.000  0.000 740
2012 12 27  7 28 25.600  37.60600 -119.07170  14.730    0.00  0.000  0.000  0.000 741
2012 12 27  7  0 19.180  37.60600 -119.07170  14.730    0.00  0.000  0.000  0.000 742
2012 12 27  6 50  2.680  37.60600 -119.07170  14.730    0.00  0.000  0.000  0.000 743
2012 10  4  5 46  9.960  37.59630 -119.01530   1.370    0.00  0.000  0.000  0.000 744
2012 11 11 10  1 49.480  37.59630 -119.01530   1.370    0.00  0.000  0.000  0.000 745
2012 10  4  6  3 44.920  37.59630 -119.01530   1.370    0.00  0.000  0.000  0.000 746
2012 10  7 12 25 57.860  37.59630 -119.01530   1.370    0.00  0.000  0.000  0.000 747
2012 10  8 18 55 44.080  37.59330 -119.00280   1.860    0.00  0.000  0.000  0.000 748
2012 10 14 15 37 35.920  37.63270 -119.03920   0.350    0.00  0.000  0.000  0.000 749
2012 12  7 21 15 46.740  37.63100 -119.03250  13.460    0.00  0.000  0.000  0.000 750
2012 12  7 20  5 56.180  37.63100 -119.03250  13.460    0.00  0.000  0.000  0.000 751
2012 12  7 18 53 33.600  37.63100 -119.03250  13.460    0.00  0.000  0.000  0.000 752
2012 12 16  9 50 32.560  37.63550 -119.04630  13.600    0.00  0.000  0.000  0.000 753
2012 12 30 21 27 36.160  37.63550 -119.04630  13.600    0.00  0.000  0.000  0.000 754
2012 11 23  8 47 52.440  37.63550 -119.04630  13.600    0.00  0.000  0.000  0.000 755
2012 11  4 12 55  7.500  37.62130 -119.03620   9.410    0.00  0.000  0.000  0.000 756
2012 11 13  8 31 56.980  37.59100 -119.00670   2.490    0.00  0.000  0.000  0.000 757
2012 10 29  8 18 58.160  37.63100 -119.04600  19.700    0.00  0.000  0.000  0.000 758
2012 10  1  3 19 56.360  37.65420 -119.02320   0.370    0.00  0.000  0.000  0.000 759
2012 12 27 10  8 36.300  37.62830 -119.13950   6.120    0.00  0.000  0.000  0.000 760
2012 12 27 13 34  6.860  37.60880 -119.07880  15.940    0.00  0.000  0.000  0.000 761
2012 12 27 13 46 20.240  37.60880 -119.07880  15.940    0.00  0.000  0.000  0.000 762
2012 11  4  2 24 56.080  37.64330 -119.04070  11.640    0.00  0.000  0.000  0.000 763
2012 10  1 14 21  1.660  37.65280 -119.02950  -0.730    0.00  0.000  0.000  0.000 764
2012 12 27 16 19 50.840  37.60830 -119.07020  15.640    0.00  0.000  0.000  0.000 765
2012 12 27 15 23 34.220  37.60830 -119.07020  15.640    0.00  0.000  0.000  0.000 766
2012 12 27 13 19 46.440  37.60830 -119.07020  15.640    0.00  0.000  0.000  0.000 767
2012 12 27 14  4 58.540  37.60830 -119.07020  15.640    0.00  0.000  0.000  0.000 768
2012 12 10  9 16 34.440  37.63980 -119.05620   8.630    0.00  0.000  0.000  0.000 769
2012 10 29 10  3 46.720  37.61380 -119.03920  20.870    0.00  0.000  0.000  0.000 770
2012 11  2  7 16 17.940  37.62770 -119.01720   0.510    0.00  0.000  0.000  0.000 771
2012 10 29 22 59 29.400  37.62580 -119.03750  17.230    0.00  0.000  0.000  0.000 772
2012 10 29 22 18 56.440  37.62580 -119.03750  17.230    0.00  0.000  0.000  0.000 773
2012 10 29 22 42  9.760  37.62580 -119.03750  17.230    0.00  0.000  0.000  0.000 774
2012 10 29 23 36 22.860  37.62580 -119.03750  17.230    0.00  0.000  0.000  0.000 775
2012 10 29 22 46 23.680  37.62580 -119.03750  17.230    0.00  0.000  0.000  0.000 776
2012 10 29 22 35 32.880  37.62580 -119.03750  17.230    0.00  0.000  0.000  0.000 777
2012 11 25 23 38 10.640  37.62580 -119.03750  17.230    0.00  0.000  0.000  0.000 778
2012 10 29 22 33 29.080  37.62580 -119.03750  17.230    0.00  0.000  0.000  0.000 779
2012 10 29 21 14 49.960  37.62580 -119.03750  17.230    0.00  0.000  0.000  0.000 780
2012 11 25 21 53 20.380  37.62580 -119.03750  17.230    0.00  0.000  0.000  0.000 781
2012 10 29 22 17 44.420  37.62580 -119.03750  17.230    0.00  0.000  0.000  0.000 782
2012 10 29 22 34  1.000  37.62580 -119.03750  17.230    0.00  0.000  0.000  0.000 783
2012 10 29 22  0 44.700  37.62580 -119.03750  17.230    0.00  0.000  0.000  0.000 784
2012 10 29 19 57 35.760  37.62580 -119.03750  17.230    0.00  0.000  0.000  0.000 785
2012 10 29 21 49 17.780  37.62580 -119.03750  17.230    0.00  0.000  0.000  0.000 786
2012 10 29 21  5 45.720  37.62580 -119.03750  17.230    0.00  0.000  0.000  0.000 787
2012 10 11 20 46  0.900  37.60920 -119.06230   6.130    0.00  0.000  0.000  0.000 788
2012 11  6  5 18 45.360  37.61850 -119.06730  12.860    0.00  0.000  0.000  0.000 789
2012 11  6  5 19 15.760  37.61850 -119.06730  12.860    0.00  0.000  0.000  0.000 790
2012 10  1  6 13 39.020  37.63550 -119.04050   0.560    0.00  0.000  0.000  0.000 791
2012 11 24  2 32  0.080  37.65500 -119.18050  11.280    0.00  0.000  0.000  0.000 792
2012 12 13 13 49 12.280  37.65500 -119.18050  11.280    0.00  0.000  0.000  0.000 793
2012 10  7  5 50 52.860  37.60080 -119.00680   2.000    0.00  0.000  0.000  0.000 794
2012 12 13 13 44 53.840  37.62480 -119.09620  14.470    0.00  0.000  0.000  0.000 795
2012 11  6  5 21 44.840  37.62480 -119.09620  14.470    0.00  0.000  0.000  0.000 796
2012 12 16  7 47  2.160  37.62480 -119.09620  14.470    0.00  0.000  0.000  0.000 797
2012 11 24  8 48 56.260  37.62480 -119.09620  14.470    0.00  0.000  0.000  0.000 798
2012 11 24  8 48 48.220  37.62480 -119.09620  14.470    0.00  0.000  0.000  0.000 799
2012 11 10 12 39 21.820  37.62480 -119.09620  14.470    0.00  0.000  0.000  0.000 800
2012 11  6  5 20 42.580  37.62480 -119.09620  14.470    0.00  0.000  0.000  0.000 801
2012 12 27 17 11 24.280  37.61180 -119.06100  15.530    0.00  0.000  0.000  0.000 802
2012 12 27 18 16 38.380  37.61180 -119.06100  15.530    0.00  0.000  0.000  0.000 803
2012 10 27 19 45 53.720  37.58120 -119.03170   4.140    0.00  0.000  0.000  0.000 804
2012 10 10 19 18  8.000  37.63100 -119.04480   1.250    0.00  0.000  0.000  0.000 805
2012 12 27  7 54 51.520  37.62670 -119.05530  14.980    0.00  0.000  0.000  0.000 806
2012 12 27  9 16  2.240  37.62670 -119.05530  14.980    0.00  0.000  0.000  0.000 807
2012 12 27  8 55 57.140  37.62670 -119.05530  14.980    0.00  0.000  0.000  0.000 808
2012 12 27  6 43 59.400  37.62670 -119.05530  14.980    0.00  0.000  0.000  0.000 809
2012 12 27 14 10 11.640  37.62670 -119.05530  14.980    0.00  0.000  0.000  0.000 810
2012 10 14 15 33 27.180  37.62630 -119.02870   0.650    0.00  0.000  0.000  0.000 811
2012 12 27  4 41 20.080  37.60380 -119.06900  15.940    0.00  0.000  0.000  0.000 812
2012 11 24  2 29 11.340  37.65600 -119.11830  10.150    0.00  0.000  0.000  0.000 813
2012 12 13 13 47 35.240  37.65600 -119.11830  10.150    0.00  0.000  0.000  0.000 814
2012 12 13 13 47 22.880  37.65600 -119.11830  10.150    0.00  0.000  0.000  0.000 815
2012 12 13 13 46 11.780  37.65600 -119.11830  10.150    0.00  0.000  0.000  0.000 816
2012 11 27 15  4 27.620  37.58520 -119.02380   2.150    0.00  0.000  0.000  0.000 817
2012 10 15 20 18 17.820  37.58620 -119.00150   1.290    0.00  0.000  0.000  0.000 818
2012 10 15 20 11 54.300  37.58620 -119.00150   1.290    0.00  0.000  0.000  0.000 819
2012 10 13  4 29 10.480  37.58620 -119.00150   1.290    0.00  0.000  0.000  0.000 820
2012 10 18  3  0  9.660  37.58620 -119.00150   1.290    0.00  0.000  0.000  0.000 821
2012 10  9 10  1 26.500  37.58620 -119.00150   1.290    0.00  0.000  0.000  0.000 822
2012 10 19 16  5 50.640  37.58620 -119.00150   1.290    0.00  0.000  0.000  0.000 823
2012 11 14  0 32 52.620  37.58620 -119.00150   1.290    0.00  0.000  0.000  0.000 824
2012 10 15 22 10 36.240  37.58620 -119.00150   1.290    0.00  0.000  0.000  0.000 825
2012 10 10 10 32 13.140  37.58620 -119.00150   1.290    0.00  0.000  0.000  0.000 826
2012 10 15 20 12 28.860  37.58620 -119.00150   1.290    0.00  0.000  0.000  0.000 827
2012 11 14  0  5 49.120  37.58620 -119.00150   1.290    0.00  0.000  0.000  0.000 828
2012 12 17 23 38 52.560  37.58620 -119.00150   1.290    0.00  0.000  0.000  0.000 829
2012 11 22 23 11 39.820  37.63280 -119.03270   0.200    0.00  0.000  0.000  0.000 830
2012 12 28 13  2  2.380  37.63280 -119.03270   0.200    0.00  0.000  0.000  0.000 831
2012 11 22 11 55 31.180  37.63280 -119.03270   0.200    0.00  0.000  0.000  0.000 832
2012 11 11 16  5 44.680  37.61850 -119.08670  12.810    0.00  0.000  0.000  0.000 833
2012 11 25 22 22 52.600  37.62650 -119.02300  16.170    0.00  0.000  0.000  0.000 834
2012 12 27  9 35 55.820  37.61120 -119.06300  14.570    0.00  0.000  0.000  0.000 835
2012 12 27 14 37 51.080  37.61120 -119.06300  14.570    0.00  0.000  0.000  0.000 836
2012 12 27 14 36 53.180  37.61120 -119.06300  14.570    0.00  0.000  0.000  0.000 837
2012 12 27 14 49 11.820  37.61120 -119.06300  14.570    0.00  0.000  0.000  0.000 838
2012 12 27 14 43 47.420  37.61120 -119.06300  14.570    0.00  0.000  0.000  0.000 839
2012 12 27 14 54  8.320  37.61120 -119.06300  14.570    0.00  0.000  0.000  0.000 840
2012 12 27 14 34 42.920  37.61120 -119.06300  14.570    0.00  0.000  0.000  0.000 841
2012 12 27  8 17 15.480  37.61120 -119.06300  14.570    0.00  0.000  0.000  0.000 842
2012 12 27 15 50  6.060  37.61120 -119.06300  14.570    0.00  0.000  0.000  0.000 843
2012 11  4  7 16 53.040  37.61630 -119.05720  19.320    0.00  0.000  0.000  0.000 844
2012 11  4  6 57 51.160  37.61630 -119.05720  19.320    0.00  0.000  0.000  0.000 845
2012 11  4  7 13 58.020  37.61630 -119.05720  19.320    0.00  0.000  0.000  0.000 846
2012 11  4  7 28 33.280  37.61630 -119.05720  19.320    0.00  0.000  0.000  0.000 847
2012 12 27 23  0 17.360  37.62030 -119.07370  15.500    0.00  0.000  0.000  0.000 848
2012 12 27 21 39  3.500  37.62030 -119.07370  15.500    0.00  0.000  0.000  0.000 849
2012 11  4  5 26 34.420  37.60950 -119.06820  19.820    0.00  0.000  0.000  0.000 850
2012 11  4  5  2 13.340  37.60950 -119.06820  19.820    0.00  0.000  0.000  0.000 851
2012 11  4  5 11  7.820  37.60950 -119.06820  19.820    0.00  0.000  0.000  0.000 852
2012 11  4  5 28 42.900  37.60950 -119.06820  19.820    0.00  0.000  0.000  0.000 853
2012 11  4  5 41 22.760  37.60950 -119.06820  19.820    0.00  0.000  0.000  0.000 854
2012 11  4  5 51  0.420  37.60950 -119.06820  19.820    0.00  0.000  0.000  0.000 855
2012 11  4  4 34  0.520  37.60950 -119.06820  19.820    0.00  0.000  0.000  0.000 856
2012 11  4  5 59 13.760  37.60950 -119.06820  19.820    0.00  0.000  0.000  0.000 857
2012 11  4  6 21 24.180  37.60950 -119.06820  19.820    0.00  0.000  0.000  0.000 858
2012 11  4  4 48 35.600  37.60950 -119.06820  19.820    0.00  0.000  0.000  0.000 859
2012 11  4  6 56  0.420  37.60950 -119.06820  19.820    0.00  0.000  0.000  0.000 860
2012 11  4  4 57  5.240  37.60950 -119.06820  19.820    0.00  0.000  0.000  0.000 861
2012 11  4  5 13 21.080  37.60950 -119.06820  19.820    0.00  0.000  0.000  0.000 862
2012 11  4  4 59 56.320  37.60950 -119.06820  19.820    0.00  0.000  0.000  0.000 863
2012 11  4  3 56 47.740  37.60950 -119.06820  19.820    0.00  0.000  0.000  0.000 864
2012 11  4  4 35 23.360  37.60950 -119.06820  19.820    0.00  0.000  0.000  0.000 865
2012 11  4  3 51 17.540  37.60950 -119.06820  19.820    0.00  0.000  0.000  0.000 866
2012 11  4  7  5 13.320  37.60950 -119.06820  19.820    0.00  0.000  0.000  0.000 867
2012 11  4  4 44 22.040  37.60950 -119.06820  19.820    0.00  0.000  0.000  0.000 868
2012 11  4  4  8 19.440  37.60950 -119.06820  19.820    0.00  0.000  0.000  0.000 869
2012 11  4  5 11 53.440  37.60950 -119.06820  19.820    0.00  0.000  0.000  0.000 870
2012 11  4  4 48 13.880  37.60950 -119.06820  19.820    0.00  0.000  0.000  0.000 871
2012 11  4  6 21 51.620  37.60950 -119.06820  19.820    0.00  0.000  0.000  0.000 872
2012 11  4  6 25 47.620  37.60950 -119.06820  19.820    0.00  0.000  0.000  0.000 873
2012 11  4  6  9 51.880  37.60950 -119.06820  19.820    0.00  0.000  0.000  0.000 874
2012 11  4  3  2 48.580  37.60950 -119.06820  19.820    0.00  0.000  0.000  0.000 875
2012 11  4  4 28 10.520  37.60950 -119.06820  19.820    0.00  0.000  0.000  0.000 876
2012 11  4  5 16 56.380  37.60950 -119.06820  19.820    0.00  0.000  0.000  0.000 877
2012 11  4  4 40 31.740  37.60950 -119.06820  19.820    0.00  0.000  0.000  0.000 878
2012 11  4  4 16 49.020  37.60950 -119.06820  19.820    0.00  0.000  0.000  0.000 879
2012 11  4  4 11 19.600  37.60950 -119.06820  19.820    0.00  0.000  0.000  0.000 880
2012 11  4  3 58 44.340  37.60950 -119.06820  19.820    0.00  0.000  0.000  0.000 881
2012 11  4  2 15 21.100  37.60950 -119.06820  19.820    0.00  0.000  0.000  0.000 882
2012 11  4  5 41 49.700  37.60950 -119.06820  19.820    0.00  0.000  0.000  0.000 883
2012 11  4  5 36 25.600  37.60950 -119.06820  19.820    0.00  0.000  0.000  0.000 884
2012 11  4  5  1 57.240  37.60950 -119.06820  19.820    0.00  0.000  0.000  0.000 885
2012 11  4  5 21  2.420  37.60950 -119.06820  19.820    0.00  0.000  0.000  0.000 886
2012 10  3 20 29 27.440  37.63320 -119.04180  -0.300    0.00  0.000  0.000  0.000 887
2012 11  3 13 21 47.660  37.60430 -119.05800  19.210    0.00  0.000  0.000  0.000 888
2012 11  3 13 18 21.140  37.60430 -119.05800  19.210    0.00  0.000  0.000  0.000 889
2012 11  3 15 26 27.520  37.60430 -119.05800  19.210    0.00  0.000  0.000  0.000 890
2012 11  3 11 40 14.600  37.60430 -119.05800  19.210    0.00  0.000  0.000  0.000 891
2012 11  5  3 20 37.640  37.60430 -119.05800  19.210    0.00  0.000  0.000  0.000 892
2012 10 29 19  3 42.620  37.62550 -119.04000  18.250    0.00  0.000  0.000  0.000 893
2012 10 29 14 56 35.560  37.62550 -119.04000  18.250    0.00  0.000  0.000  0.000 894
2012 10 29 19 45 41.360  37.62550 -119.04000  18.250    0.00  0.000  0.000  0.000 895
2012 10 29 14 39 50.100  37.62550 -119.04000  18.250    0.00  0.000  0.000  0.000 896
2012 12 27 12 36 35.800  37.60770 -119.07320  16.330    0.00  0.000  0.000  0.000 897
2012 12 27 12  3 17.060  37.60770 -119.07320  16.330    0.00  0.000  0.000  0.000 898
2012 12 27 11  4 14.200  37.60770 -119.07320  16.330    0.00  0.000  0.000  0.000 899
2012 12 27 12 18 44.100  37.60770 -119.07320  16.330    0.00  0.000  0.000  0.000 900
2012 12 27 11 51 33.780  37.60770 -119.07320  16.330    0.00  0.000  0.000  0.000 901
2012 10 29 14 59 42.100  37.61700 -119.03570  21.270    0.00  0.000  0.000  0.000 902
2012 10 29 14 20 28.160  37.61700 -119.03570  21.270    0.00  0.000  0.000  0.000 903
2012 10 29 12 33 10.120  37.61700 -119.03570  21.270    0.00  0.000  0.000  0.000 904
2012 10 29 13 29 47.660  37.61700 -119.03570  21.270    0.00  0.000  0.000  0.000 905
2012 11 24  2 26 41.500  37.63730 -119.08600  13.180    0.00  0.000  0.000  0.000 906
2012 11 24  1 33  6.440  37.61120 -119.04230  17.940    0.00  0.000  0.000  0.000 907
2012 10 29 23 34 49.340  37.61120 -119.04230  17.940    0.00  0.000  0.000  0.000 908
2012 10 29 23  5 23.380  37.61120 -119.04230  17.940    0.00  0.000  0.000  0.000 909
2012 10 29 22 42 21.940  37.61120 -119.04230  17.940    0.00  0.000  0.000  0.000 910
2012 10 30  0 18 48.160  37.61120 -119.04230  17.940    0.00  0.000  0.000  0.000 911
2012 10 29 23 30  3.480  37.61120 -119.04230  17.940    0.00  0.000  0.000  0.000 912
2012 10 29 23 11 10.540  37.61120 -119.04230  17.940    0.00  0.000  0.000  0.000 913
2012 10 10 14 34 42.180  37.60720 -119.01270   1.610    0.00  0.000  0.000  0.000 914
2012 11 15 18  1 55.020  37.65000 -119.05830  12.600    0.00  0.000  0.000  0.000 915
2012 11 21  6  3 52.540  37.62350 -119.01530   4.610    0.00  0.000  0.000  0.000 916
2012 11 15  5  6 23.060  37.62350 -119.01530   4.610    0.00  0.000  0.000  0.000 917
2012 10 29 12 48 53.560  37.61380 -119.04520  19.880    0.00  0.000  0.000  0.000 918
2012 10 29 12 15 14.360  37.61380 -119.04520  19.880    0.00  0.000  0.000  0.000 919
2012 10 29 12 13 52.880  37.61380 -119.04520  19.880    0.00  0.000  0.000  0.000 920
2012 10 29 13 21 45.080  37.61380 -119.04520  19.880    0.00  0.000  0.000  0.000 921
2012 10 29 12 13 37.520  37.61380 -119.04520  19.880    0.00  0.000  0.000  0.000 922
2012 10 29 15 21 28.840  37.63570 -119.04020  18.850    0.00  0.000  0.000  0.000 923
2012 10  3 12 47  2.120  37.63020 -119.03750   0.970    0.00  0.000  0.000  0.000 924
2012 10 16 11 19 16.060  37.59150 -119.00720   1.050    0.00  0.000  0.000  0.000 925
2012 10 28  0 31 30.120  37.64520 -119.05930  18.090    0.00  0.000  0.000  0.000 926
2012 10 27 22 55 22.260  37.64520 -119.05930  18.090    0.00  0.000  0.000  0.000 927
2012 10 29 17  1  9.880  37.64520 -119.05930  18.090    0.00  0.000  0.000  0.000 928
2012 10 30  1 10 47.840  37.64520 -119.05930  18.090    0.00  0.000  0.000  0.000 929
2012 10 29 17 56  1.860  37.64520 -119.05930  18.090    0.00  0.000  0.000  0.000 930
2012 10 10 10 55  2.420  37.61970 -119.01520   2.340    0.00  0.000  0.000  0.000 931
2012 11 10 16 50 20.660  37.61970 -119.01520   2.340    0.00  0.000  0.000  0.000 932
2012 10 11 20 20 47.620  37.61200 -119.02500   1.180    0.00  0.000  0.000  0.000 933
2012 10 31 15 25 40.500  37.60700 -119.05300  18.870    0.00  0.000  0.000  0.000 934
2012 10 31 14 44  3.360  37.60700 -119.05300  18.870    0.00  0.000  0.000  0.000 935
2012 12 27 12 35 55.660  37.61050 -119.06680  15.310    0.00  0.000  0.000  0.000 936
2012 12 27  8 49 44.540  37.61050 -119.06680  15.310    0.00  0.000  0.000  0.000 937
2012 10  6  3 48 38.180  37.63000 -119.12750   1.250    0.00  0.000  0.000  0.000 938
2012 10 14 15 16 15.740  37.60180 -119.02630   1.220    0.00  0.000  0.000  0.000 939
2012 12 16  5 22 38.140  37.67130 -119.18200   7.850    0.00  0.000  0.000  0.000 940
2012 11 25  2 34 38.480  37.67130 -119.18200   7.850    0.00  0.000  0.000  0.000 941
2012 10 27 23 47 15.580  37.67130 -119.18200   7.850    0.00  0.000  0.000  0.000 942
2012 11 23 10 13  5.700  37.67130 -119.18200   7.850    0.00  0.000  0.000  0.000 943
2012 12  9  5 45  8.020  37.67130 -119.18200   7.850    0.00  0.000  0.000  0.000 944
2012 12  9  5 44 45.180  37.67130 -119.18200   7.850    0.00  0.000  0.000  0.000 945
2012 12 15 23 35 43.680  37.63020 -119.03080  16.760    0.00  0.000  0.000  0.000 946
2012 12 15 22 54 11.200  37.63020 -119.03080  16.760    0.00  0.000  0.000  0.000 947
2012 12 15 22 58  6.480  37.63020 -119.03080  16.760    0.00  0.000  0.000  0.000 948
2012 10  4  9 47  6.900  37.59520 -119.01500   1.640    0.00  0.000  0.000  0.000 949
2012 10  3 15 53 20.860  37.59520 -119.01500   1.640    0.00  0.000  0.000  0.000 950
2012 10  4  0 37 57.740  37.59520 -119.01500   1.640    0.00  0.000  0.000  0.000 951
2012 10  4  0 41 15.380  37.59520 -119.01500   1.640    0.00  0.000  0.000  0.000 952
2012 10  1  9 33 23.000  37.59520 -119.01500   1.640    0.00  0.000  0.000  0.000 953
2012 10  6 21 43 20.280  37.59520 -119.01500   1.640    0.00  0.000  0.000  0.000 954
2012 10  6 20 55 29.980  37.59520 -119.01500   1.640    0.00  0.000  0.000  0.000 955
2012 10  4  0 34 31.140  37.59520 -119.01500   1.640    0.00  0.000  0.000  0.000 956
2012 10  7  5 59 22.500  37.59520 -119.01500   1.640    0.00  0.000  0.000  0.000 957
2012 10  1  5 38 27.180  37.59520 -119.01500   1.640    0.00  0.000  0.000  0.000 958
2012 10 17 11 55 51.340  37.62320 -119.05200  -0.180    0.00  0.000  0.000  0.000 959
2012 11 13  5 42 53.040  37.61170 -119.06020  21.430    0.00  0.000  0.000  0.000 960
2012 10 13 15 25 58.240  37.59770 -119.01180   1.290    0.00  0.000  0.000  0.000 961
2012 10 12 21 23 25.040  37.59770 -119.01180   1.290    0.00  0.000  0.000  0.000 962
2012 11 29  6 56 30.980  37.61150 -119.02050   1.830    0.00  0.000  0.000  0.000 963
2012 10 11 16 49  7.420  37.63380 -119.04200   2.340    0.00  0.000  0.000  0.000 964
2012 10 11 16 49 16.100  37.63380 -119.04200   2.340    0.00  0.000  0.000  0.000 965
2012 12 16  7 46 28.580  37.63850 -119.05830  13.940    0.00  0.000  0.000  0.000 966
2012 11 24  8 48 23.100  37.63850 -119.05830  13.940    0.00  0.000  0.000  0.000 967
2012 11  4 12 56 27.640  37.63850 -119.05830  13.940    0.00  0.000  0.000  0.000 968
2012 12  8  2 55 19.780  37.63230 -119.02430  13.310    0.00  0.000  0.000  0.000 969
2012 12  8  0 33 45.460  37.63230 -119.02430  13.310    0.00  0.000  0.000  0.000 970
2012 12 27 11 21 46.480  37.61650 -119.06500  15.710    0.00  0.000  0.000  0.000 971
2012 11 24 12  4  9.400  37.63350 -119.05800  -0.170    0.00  0.000  0.000  0.000 972
2012 10 27  4 26 49.840  37.64230 -119.08880  13.410    0.00  0.000  0.000  0.000 973
2012 11 11 19 54 37.660  37.59130 -119.07520   9.520    0.00  0.000  0.000  0.000 974
2012 10 29  7  9 13.960  37.63000 -119.07100  21.240    0.00  0.000  0.000  0.000 975
2012 10  4  4 35  8.600  37.63520 -119.05670   0.060    0.00  0.000  0.000  0.000 976
2012 10  4  4 55 42.220  37.63520 -119.05670   0.060    0.00  0.000  0.000  0.000 977
2012 10 31  8 30 35.900  37.65150 -119.03120  -0.950    0.00  0.000  0.000  0.000 978
2012 12  9  9 46 44.840  37.65180 -119.11350   8.550    0.00  0.000  0.000  0.000 979
2012 12  9  9 48 36.140  37.65180 -119.11350   8.550    0.00  0.000  0.000  0.000 980
2012 11 23  0 14 18.000  37.65180 -119.11350   8.550    0.00  0.000  0.000  0.000 981
2012 12 27 11  5  8.920  37.65180 -119.11350   8.550    0.00  0.000  0.000  0.000 982
2012 12  9  9 13 55.680  37.65180 -119.11350   8.550    0.00  0.000  0.000  0.000 983
2012 11 21  3 12  9.920  37.65180 -119.11350   8.550    0.00  0.000  0.000  0.000 984
2012 12  9  9 47 29.920  37.65180 -119.11350   8.550    0.00  0.000  0.000  0.000 985
2012 12 11 11 24 27.780  37.65180 -119.11350   8.550    0.00  0.000  0.000  0.000 986
2012 11 23 18 50 19.620  37.65180 -119.11350   8.550    0.00  0.000  0.000  0.000 987
2012 12  8  5 37  1.640  37.65180 -119.11350   8.550    0.00  0.000  0.000  0.000 988
2012 10 11 16 49 27.820  37.63650 -119.03470   1.770    0.00  0.000  0.000  0.000 989
