0.000 0
40.013 0
40.013 1
40.431 2
49.377 3
49.391 4
50.138 5
59.223 6
63.932 7
67.126 8
69.071 9
79.159 10
81.975 11
84.057 12
88.638 13
88.689 14
94.082 15
97.835 16
116.005 17
116.823 18
116.846 19
124.481 20
125.468 21
125.721 22
126.271 23
127.784 24
127.890 25
128.346 26
129.869 27
131.045 28
137.237 29
137.968 30
142.013 31
142.149 32
142.205 33
142.509 34
144.516 35
146.108 36
150.318 37
154.728 38
155.080 39
155.283 40
155.421 41
159.781 42
162.373 43
166.999 44
169.519 45
170.240 46
171.123 47
171.973 48
175.691 49
178.465 50
182.426 51
182.742 52
182.745 53
183.022 54
184.401 55
185.453 56
185.483 57
185.662 58
186.187 59
187.367 60
187.512 61
187.619 62
188.044 63
188.652 64
189.225 65
193.497 66
193.932 67
199.275 68
199.343 69
203.892 70
204.204 71
215.910 72
217.926 73
219.964 74
221.902 75
228.831 76
230.047 77
230.248 78
230.284 79
230.354 80
231.368 81
238.641 82
246.079 83
246.426 84
246.580 85
248.070 86
248.179 87
248.226 88
249.223 89
249.555 90
249.628 91
249.892 92
254.131 93
256.520 94
258.392 95
259.765 96
262.641 97
263.634 98
263.779 99
264.648 100
264.699 101
272.439 102
272.461 103
272.532 104
272.799 105
283.549 106
285.239 107
285.311 108
285.571 109
290.509 110
311.660 111
318.955 112
321.695 113
326.769 114
326.947 115
327.042 116
338.414 117
395.865 118
409.587 119
424.313 120
431.503 121
431.537 122
431.643 123
439.601 124
442.890 125
444.329 126
445.607 127
446.209 128
446.822 129
446.971 130
447.167 131
447.508 132
447.907 133
448.412 134
448.412 135
455.220 136
456.115 137
456.115 138
457.133 139
457.739 140
458.135 141
458.381 142
460.656 143
461.598 144
463.348 145
463.550 146
463.928 147
481.862 148
482.656 149
482.832 150
482.892 151
483.787 152
483.885 153
484.004 154
484.027 155
484.051 156
484.807 157
487.851 158
489.840 159
495.928 160
498.845 161
498.849 162
501.816 163
501.956 164
503.537 165
503.538 166
503.700 167
507.728 168
511.401 169
516.593 170
519.269 171
520.737 172
520.801 173
520.834 174
522.906 175
522.973 176
523.001 177
523.065 178
523.096 179
524.374 180
531.502 181
531.503 182
531.514 183
531.631 184
531.634 185
536.906 186
542.649 187
542.921 188
542.924 189
542.970 190
543.634 191
543.733 192
543.793 193
548.788 194
549.708 195
549.964 196
550.427 197
550.929 198
551.359 199
553.600 200
553.697 201
553.815 202
553.855 203
553.855 204
554.287 205
554.679 206
554.986 207
555.014 208
555.037 209
555.074 210
555.080 211
555.148 212
555.667 213
555.818 214
556.538 215
556.672 216
557.410 217
557.569 218
558.001 219
558.489 220
558.494 221
558.876 222
559.495 223
559.571 224
559.657 225
559.892 226
560.046 227
560.446 228
560.889 229
561.114 230
561.256 231
562.211 232
562.827 233
562.995 234
563.149 235
563.167 236
563.319 237
563.487 238
564.153 239
564.443 240
564.600 241
564.822 242
565.030 243
565.167 244
565.324 245
566.025 246
566.093 247
566.103 248
566.132 249
566.269 250
566.351 251
566.553 252
566.565 253
566.672 254
566.880 255
566.889 256
567.025 257
567.273 258
567.384 259
567.384 260
567.610 261
567.653 262
567.789 263
567.846 264
567.874 265
568.028 266
568.376 267
568.865 268
569.279 269
569.301 270
570.108 271
570.108 272
570.157 273
570.381 274
570.757 275
570.844 276
570.968 277
571.896 278
572.098 279
572.099 280
572.219 281
572.425 282
573.060 283
573.728 284
575.607 285
575.896 286
576.045 287
577.005 288
577.069 289
577.337 290
577.669 291
577.731 292
577.753 293
577.832 294
577.844 295
578.423 296
578.423 297
578.782 298
581.030 299
581.462 300
581.491 301
581.740 302
583.932 303
583.992 304
584.040 305
585.283 306
585.942 307
586.289 308
587.252 309
587.832 310
588.152 311
588.183 312
588.193 313
588.321 314
588.342 315
588.451 316
588.896 317
589.355 318
589.394 319
589.464 320
589.624 321
589.636 322
590.008 323
590.026 324
590.201 325
590.332 326
590.421 327
590.426 328
590.432 329
590.454 330
590.491 331
590.567 332
591.245 333
591.252 334
592.098 335
593.890 336
593.921 337
594.325 338
603.616 339
603.800 340
603.848 341
604.738 342
604.742 343
604.772 344
605.311 345
605.355 346
605.627 347
605.799 348
605.885 349
605.950 350
605.997 351
606.055 352
606.071 353
606.176 354
606.240 355
606.402 356
606.651 357
606.850 358
606.896 359
606.933 360
607.120 361
607.260 362
607.340 363
607.787 364
607.932 365
608.241 366
608.338 367
608.573 368
608.635 369
608.721 370
608.785 371
608.821 372
609.336 373
609.543 374
610.164 375
610.232 376
610.296 377
610.393 378
610.399 379
610.507 380
610.616 381
610.837 382
610.839 383
610.917 384
611.938 385
612.096 386
612.320 387
612.517 388
612.565 389
612.643 390
612.830 391
612.970 392
612.979 393
613.092 394
613.121 395
613.122 396
613.136 397
613.137 398
613.206 399
613.429 400
613.856 401
614.062 402
614.075 403
614.176 404
614.216 405
614.228 406
614.326 407
614.357 408
614.363 409
614.416 410
614.419 411
614.431 412
614.437 413
614.519 414
614.520 415
614.539 416
614.586 417
614.598 418
615.006 419
615.401 420
615.467 421
615.481 422
615.494 423
615.762 424
615.775 425
615.849 426
615.904 427
616.088 428
616.255 429
616.751 430
616.865 431
616.980 432
616.990 433
617.053 434
617.075 435
617.295 436
617.340 437
617.405 438
617.418 439
617.611 440
617.741 441
618.092 442
618.104 443
618.602 444
619.913 445
621.830 446
621.900 447
622.577 448
622.771 449
623.711 450
624.308 451
624.473 452
624.656 453
625.132 454
625.476 455
625.477 456
626.158 457
627.749 458
627.759 459
632.933 460
632.961 461
634.557 462
634.796 463
634.845 464
635.283 465
635.727 466
635.780 467
635.781 468
635.865 469
635.870 470
635.912 471
636.055 472
636.082 473
636.098 474
636.118 475
636.138 476
636.203 477
636.262 478
636.277 479
636.501 480
636.548 481
636.632 482
636.674 483
636.761 484
636.973 485
637.129 486
637.133 487
637.155 488
637.175 489
637.264 490
637.321 491
637.326 492
637.327 493
637.361 494
637.367 495
637.373 496
637.376 497
637.376 498
637.382 499
637.384 500
637.427 501
637.754 502
638.294 503
638.304 504
638.309 505
640.295 506
640.626 507
641.319 508
641.924 509
642.213 510
642.263 511
642.301 512
642.578 513
642.918 514
643.315 515
643.860 516
644.844 517
644.860 518
645.157 519
645.217 520
645.760 521
645.886 522
645.991 523
645.999 524
646.178 525
646.313 526
646.340 527
646.379 528
646.385 529
646.419 530
646.421 531
646.456 532
646.468 533
646.472 534
646.579 535
646.683 536
646.729 537
646.798 538
646.922 539
647.105 540
647.254 541
647.280 542
647.334 543
647.693 544
647.930 545
648.038 546
649.951 547
649.962 548
650.590 549
650.744 550
650.866 551
651.058 552
651.076 553
652.908 554
653.546 555
653.762 556
658.483 557
662.099 558
667.186 559
668.561 560
671.317 561
674.008 562
674.043 563
674.100 564
674.367 565
674.517 566
676.518 567
676.575 568
677.005 569
678.938 570
679.115 571
685.367 572
697.384 573
699.607 574
699.785 575
709.145 576
709.150 577
709.150 578
709.151 579
709.169 580
709.196 581
709.247 582
715.105 583
718.494 584
721.261 585
728.107 586
728.578 587
728.848 588
731.293 589
731.617 590
733.132 591
738.520 592
738.865 593
739.316 594
741.379 595
742.330 596
743.645 597
743.651 598
743.695 599
743.794 600
744.442 601
745.846 602
747.820 603
747.979 604
750.041 605
750.063 606
750.073 607
750.092 608
750.118 609
750.209 610
750.232 611
750.235 612
750.264 613
750.275 614
750.288 615
750.331 616
750.685 617
751.889 618
752.129 619
767.787 620
768.031 621
768.032 622
778.231 623
787.921 624
788.205 625
789.658 626
797.403 627
797.824 628
803.887 629
809.292 630
813.802 631
818.706 632
822.885 633
822.968 634
824.803 635
824.822 636
826.791 637
836.987 638
837.402 639
838.021 640
840.211 641
843.122 642
843.575 643
843.763 644
844.003 645
844.210 646
844.211 647
844.429 648
844.654 649
844.654 650
845.245 651
845.245 652
845.484 653
846.003 654
846.173 655
846.536 656
846.964 657
847.298 658
847.347 659
848.509 660
849.944 661
850.316 662
850.634 663
850.912 664
851.238 665
851.451 666
851.771 667
852.151 668
852.151 669
852.361 670
852.732 671
852.778 672
853.228 673
853.228 674
853.706 675
854.072 676
854.624 677
854.673 678
855.305 679
855.306 680
855.311 681
855.879 682
855.963 683
856.215 684
857.546 685
861.181 686
861.309 687
861.486 688
861.674 689
861.874 690
865.487 691
866.291 692
866.304 693
868.419 694
868.851 695
868.986 696
869.034 697
871.560 698
876.657 699
877.831 700
877.975 701
878.496 702
880.016 703
880.019 704
880.337 705
881.216 706
884.709 707
885.157 708
886.297 709
886.963 710
886.996 711
887.066 712
887.265 713
887.322 714
887.378 715
887.404 716
887.482 717
887.483 718
887.576 719
888.098 720
888.101 721
888.101 722
888.119 723
888.132 724
888.159 725
888.167 726
888.233 727
888.327 728
888.382 729
891.477 730
894.608 731
894.855 732
895.441 733
895.479 734
895.911 735
896.786 736
897.199 737
898.526 738
899.925 739
901.115 740
901.149 741
901.217 742
902.385 743
902.976 744
905.113 745
905.132 746
905.132 747
906.181 748
906.295 749
906.298 750
906.313 751
906.318 752
906.776 753
908.461 754
910.427 755
911.123 756
913.433 757
913.435 758
914.222 759
914.309 760
916.623 761
917.350 762
918.303 763
918.381 764
918.479 765
918.500 766
919.253 767
921.064 768
921.091 769
921.113 770
921.161 771
921.169 772
921.188 773
921.198 774
921.350 775
921.359 776
921.455 777
921.590 778
921.595 779
921.675 780
922.594 781
922.811 782
922.812 783
922.813 784
923.021 785
923.060 786
923.060 787
923.235 788
923.353 789
923.369 790
923.463 791
923.478 792
923.501 793
923.501 794
923.516 795
923.517 796
923.539 797
923.539 798
923.548 799
923.583 800
923.600 801
923.727 802
923.755 803
923.758 804
923.775 805
923.780 806
923.781 807
923.785 808
923.792 809
923.803 810
923.804 811
923.805 812
923.818 813
923.829 814
923.831 815
923.850 816
923.861 817
923.876 818
923.915 819
923.960 820
924.003 821
924.004 822
924.028 823
924.212 824
924.238 825
924.239 826
924.239 827
924.254 828
924.270 829
924.271 830
924.275 831
924.305 832
924.421 833
924.554 834
924.697 835
925.115 836
925.144 837
925.146 838
926.397 839
926.397 840
926.687 841
926.748 842
926.752 843
926.900 844
926.939 845
927.155 846
927.181 847
927.245 848
927.272 849
927.285 850
927.349 851
927.737 852
927.830 853
927.955 854
927.966 855
928.015 856
928.015 857
928.040 858
928.062 859
928.066 860
928.072 861
928.076 862
928.155 863
928.244 864
928.244 865
928.262 866
928.284 867
928.418 868
928.439 869
928.451 870
928.499 871
928.603 872
928.691 873
928.730 874
928.743 875
928.754 876
929.354 877
929.360 878
929.375 879
929.508 880
929.518 881
929.565 882
929.588 883
929.616 884
929.720 885
929.749 886
930.021 887
930.127 888
930.166 889
930.241 890
930.242 891
930.244 892
930.368 893
930.566 894
930.809 895
931.019 896
931.031 897
931.034 898
931.111 899
931.158 900
931.288 901
931.922 902
931.964 903
932.069 904
932.070 905
932.091 906
932.150 907
932.278 908
932.280 909
932.283 910
932.294 911
932.327 912
932.328 913
932.420 914
932.420 915
932.479 916
932.481 917
932.499 918
932.560 919
932.585 920
932.730 921
932.735 922
932.745 923
932.746 924
932.750 925
933.025 926
933.036 927
933.161 928
933.191 929
933.193 930
933.199 931
933.200 932
933.209 933
933.257 934
933.284 935
933.348 936
933.480 937
933.515 938
933.701 939
933.701 940
933.728 941
933.832 942
933.979 943
933.979 944
934.193 945
934.199 946
934.201 947
934.332 948
934.333 949
934.343 950
934.344 951
934.345 952
934.379 953
934.395 954
934.423 955
934.511 956
934.629 957
934.641 958
934.651 959
934.755 960
934.766 961
934.795 962
934.800 963
934.809 964
934.820 965
934.863 966
934.864 967
935.332 968
935.517 969
935.836 970
935.857 971
936.288 972
936.298 973
936.302 974
936.320 975
936.563 976
936.725 977
937.064 978
937.366 979
937.508 980
937.545 981
937.786 982
937.885 983
937.903 984
937.961 985
937.973 986
937.998 987
938.081 988
938.146 989
938.153 990
938.156 991
938.183 992
938.342 993
938.369 994
938.433 995
938.489 996
938.694 997
938.776 998
938.789 999
938.793 1000
938.799 1001
938.843 1002
939.404 1003
939.455 1004
939.537 1005
939.577 1006
939.584 1007
939.586 1008
939.606 1009
939.612 1010
939.616 1011
939.694 1012
939.696 1013
939.747 1014
939.790 1015
939.794 1016
939.805 1017
939.839 1018
939.887 1019
940.024 1020
940.120 1021
940.233 1022
940.238 1023
940.288 1024
940.359 1025
940.384 1026
940.384 1027
940.402 1028
940.478 1029
940.674 1030
940.724 1031
940.900 1032
941.021 1033
941.107 1034
941.193 1035
941.361 1036
941.968 1037
942.224 1038
942.240 1039
942.243 1040
942.277 1041
942.465 1042
942.506 1043
942.848 1044
943.244 1045
943.316 1046
944.553 1047
944.747 1048
945.632 1049
946.052 1050
946.365 1051
947.349 1052
948.400 1053
948.453 1054
948.465 1055
949.134 1056
949.258 1057
949.549 1058
950.113 1059
950.231 1060
950.261 1061
950.273 1062
950.285 1063
950.377 1064
950.388 1065
950.961 1066
950.963 1067
951.201 1068
951.334 1069
951.565 1070
951.677 1071
951.692 1072
951.725 1073
951.774 1074
951.815 1075
951.843 1076
951.922 1077
952.001 1078
952.273 1079
952.282 1080
952.283 1081
952.621 1082
952.639 1083
952.717 1084
952.733 1085
952.775 1086
952.848 1087
952.966 1088
952.989 1089
952.992 1090
952.993 1091
953.027 1092
953.217 1093
953.257 1094
953.260 1095
953.262 1096
953.378 1097
953.457 1098
953.596 1099
953.767 1100
953.820 1101
954.003 1102
954.020 1103
954.070 1104
954.279 1105
954.615 1106
954.637 1107
954.659 1108
954.895 1109
954.946 1110
955.110 1111
955.613 1112
956.085 1113
956.170 1114
956.283 1115
957.022 1116
957.022 1117
957.572 1118
957.612 1119
957.639 1120
957.678 1121
957.722 1122
957.756 1123
957.767 1124
957.859 1125
957.895 1126
957.904 1127
957.995 1128
958.026 1129
958.056 1130
958.086 1131
958.273 1132
958.283 1133
958.288 1134
958.289 1135
958.289 1136
958.309 1137
958.315 1138
958.315 1139
958.400 1140
958.438 1141
958.535 1142
958.548 1143
959.364 1144
959.683 1145
959.684 1146
959.748 1147
960.299 1148
960.528 1149
960.576 1150
960.658 1151
960.743 1152
960.874 1153
961.088 1154
961.582 1155
961.707 1156
961.979 1157
962.006 1158
962.805 1159
963.103 1160
963.858 1161
964.334 1162
964.462 1163
964.518 1164
964.567 1165
964.614 1166
964.664 1167
964.696 1168
964.709 1169
964.725 1170
964.734 1171
964.767 1172
964.834 1173
964.872 1174
964.909 1175
964.941 1176
964.942 1177
964.951 1178
965.005 1179
965.306 1180
965.586 1181
965.640 1182
966.295 1183
966.621 1184
967.640 1185
967.812 1186
967.973 1187
968.745 1188
968.910 1189
969.857 1190
969.888 1191
970.047 1192
970.609 1193
970.665 1194
971.910 1195
972.005 1196
972.011 1197
972.246 1198
972.439 1199
974.188 1200
974.488 1201
976.118 1202
977.261 1203
977.393 1204
977.410 1205
978.280 1206
978.304 1207
978.611 1208
978.702 1209
978.769 1210
979.022 1211
979.024 1212
979.469 1213
979.528 1214
979.945 1215
981.830 1216
982.293 1217
982.443 1218
982.564 1219
983.462 1220
983.899 1221
984.024 1222
984.374 1223
984.686 1224
984.876 1225
985.157 1226
985.774 1227
986.463 1228
987.141 1229
987.183 1230
987.913 1231
988.857 1232
989.834 1233
990.294 1234
990.404 1235
990.511 1236
990.841 1237
994.159 1238
994.351 1239
994.654 1240
994.895 1241
998.529 1242
998.603 1243
998.640 1244
1001.126 1245
1004.244 1246
1005.156 1247
1014.794 1248
1015.270 1249
1015.513 1250
1015.715 1251
1015.749 1252
1015.765 1253
1016.223 1254
1016.455 1255
1017.383 1256
1019.231 1257
1019.234 1258
1019.234 1259
1019.242 1260
1019.244 1261
1019.256 1262
1019.262 1263
1021.702 1264
1024.977 1265
1027.682 1266
1027.687 1267
1031.390 1268
1037.933 1269
1043.041 1270
1043.617 1271
1047.440 1272
1047.455 1273
1048.115 1274
1053.264 1275
1054.427 1276
1055.057 1277
1055.073 1278
1055.088 1279
1055.093 1280
1055.098 1281
1055.104 1282
1055.105 1283
1055.109 1284
1055.111 1285
1055.112 1286
1055.113 1287
1055.114 1288
1055.116 1289
1055.117 1290
1055.119 1291
1055.119 1292
1055.131 1293
1055.134 1294
1055.134 1295
1055.135 1296
1055.135 1297
1055.137 1298
1055.139 1299
1055.140 1300
1055.140 1301
1055.141 1302
1055.143 1303
1055.144 1304
1055.144 1305
1055.145 1306
1055.146 1307
1055.147 1308
1055.149 1309
1055.150 1310
1055.151 1311
1055.153 1312
1055.153 1313
1055.154 1314
1055.154 1315
1055.155 1316
1055.157 1317
1055.159 1318
1055.160 1319
1055.160 1320
1055.161 1321
1055.161 1322
1055.162 1323
1055.164 1324
1055.166 1325
1055.168 1326
1055.168 1327
1055.170 1328
1055.170 1329
1055.171 1330
1055.173 1331
1055.173 1332
1055.174 1333
1055.176 1334
1055.177 1335
1055.178 1336
1055.179 1337
1055.182 1338
1055.182 1339
1055.183 1340
1055.185 1341
1055.187 1342
1055.188 1343
1055.188 1344
1055.189 1345
1055.193 1346
1055.196 1347
1055.197 1348
1055.197 1349
1055.198 1350
1055.200 1351
1055.201 1352
1055.202 1353
1055.202 1354
1055.203 1355
1055.204 1356
1055.206 1357
1055.207 1358
1055.208 1359
1055.212 1360
1055.214 1361
1055.217 1362
1055.218 1363
1055.220 1364
1055.222 1365
1055.223 1366
1055.227 1367
1055.228 1368
1055.230 1369
1055.231 1370
1055.231 1371
1055.237 1372
1055.238 1373
1055.239 1374
1055.243 1375
1055.243 1376
1055.250 1377
1055.253 1378
1055.254 1379
1055.254 1380
1055.257 1381
1055.258 1382
1055.261 1383
1055.261 1384
1055.262 1385
1055.263 1386
1055.267 1387
1055.268 1388
1055.269 1389
1055.270 1390
1055.272 1391
1055.273 1392
1055.276 1393
1055.277 1394
1055.281 1395
1055.284 1396
1055.287 1397
1055.287 1398
1055.288 1399
1055.293 1400
1055.295 1401
1055.298 1402
1055.300 1403
1055.309 1404
1055.311 1405
1055.312 1406
1055.313 1407
1055.314 1408
1055.315 1409
1055.317 1410
1055.318 1411
1055.328 1412
1055.328 1413
1055.332 1414
1055.334 1415
1055.344 1416
1055.346 1417
1055.348 1418
1055.348 1419
1055.353 1420
1055.361 1421
1055.367 1422
1055.376 1423
1055.379 1424
1055.390 1425
1055.392 1426
1055.393 1427
1055.396 1428
1055.397 1429
1055.397 1430
1055.403 1431
1055.405 1432
1055.412 1433
1055.427 1434
1055.447 1435
1055.454 1436
1055.470 1437
1055.490 1438
1055.493 1439
1055.511 1440
1055.516 1441
1055.517 1442
1055.550 1443
1055.560 1444
1055.584 1445
1055.603 1446
1055.615 1447
1055.637 1448
1055.663 1449
1055.668 1450
1055.886 1451
1056.022 1452
1061.085 1453
1061.138 1454
1061.138 1455
1061.182 1456
1061.465 1457
1061.602 1458
1061.632 1459
1061.652 1460
1061.713 1461
1061.719 1462
1061.747 1463
1061.811 1464
1061.855 1465
1061.862 1466
1061.922 1467
1062.048 1468
1062.053 1469
1062.069 1470
1062.160 1471
1062.322 1472
1062.390 1473
1062.634 1474
1063.675 1475
1063.807 1476
1064.968 1477
1066.429 1478
1066.535 1479
1066.953 1480
1067.326 1481
1067.878 1482
1068.949 1483
1069.186 1484
1069.308 1485
1069.725 1486
1069.874 1487
1069.990 1488
1070.280 1489
1070.618 1490
1070.619 1491
1070.765 1492
1070.804 1493
1070.931 1494
1070.954 1495
1071.087 1496
1071.414 1497
1071.782 1498
1072.148 1499
1072.204 1500
1072.572 1501
1072.980 1502
1073.404 1503
1073.512 1504
1073.847 1505
1073.933 1506
1074.035 1507
1074.037 1508
1074.479 1509
1074.662 1510
1075.170 1511
1075.215 1512
1075.346 1513
1075.374 1514
1075.412 1515
1075.544 1516
1075.957 1517
1076.028 1518
1076.082 1519
1076.478 1520
1077.146 1521
1077.631 1522
1077.803 1523
1078.175 1524
1078.430 1525
1078.495 1526
1079.018 1527
1079.414 1528
1080.589 1529
1080.641 1530
1080.693 1531
1081.639 1532
1082.077 1533
1082.694 1534
1083.752 1535
1085.223 1536
1086.065 1537
1086.966 1538
1087.407 1539
1088.271 1540
1090.555 1541
1092.908 1542
1095.161 1543
1095.580 1544
1097.675 1545
1099.399 1546
1099.978 1547
1105.201 1548
1108.769 1549
1115.705 1550
1115.954 1551
1116.858 1552
1120.722 1553
1134.205 1554
1136.251 1555
1139.191 1556
1139.383 1557
1139.570 1558
1139.594 1559
1139.635 1560
1139.697 1561
1139.718 1562
1139.961 1563
1140.030 1564
1140.044 1565
1140.380 1566
1140.382 1567
1140.383 1568
1140.386 1569
1140.388 1570
1140.399 1571
1140.401 1572
1140.407 1573
1140.411 1574
1140.429 1575
1141.680 1576
1142.690 1577
1144.605 1578
1145.479 1579
1146.079 1580
1146.479 1581
1147.054 1582
1147.063 1583
1147.201 1584
1147.743 1585
1148.193 1586
1148.984 1587
1149.209 1588
1149.788 1589
1150.892 1590
1151.006 1591
1151.459 1592
1151.853 1593
1153.215 1594
1153.409 1595
1153.682 1596
1154.080 1597
1156.923 1598
1157.149 1599
1157.206 1600
1157.334 1601
1157.429 1602
1157.465 1603
1157.551 1604
1157.891 1605
1158.005 1606
1158.078 1607
1158.340 1608
1158.572 1609
1158.784 1610
1158.980 1611
1159.164 1612
1159.301 1613
1159.385 1614
1159.755 1615
1159.790 1616
1159.882 1617
1160.181 1618
1160.372 1619
1160.452 1620
1160.925 1621
1161.303 1622
1161.573 1623
1163.640 1624
1163.678 1625
1167.495 1626
1172.518 1627
1197.746 1628
1197.804 1629
1197.844 1630
1197.983 1631
1198.271 1632
1201.349 1633
1201.511 1634
1202.306 1635
1203.295 1636
1204.742 1637
1204.743 1638
1204.743 1639
1204.744 1640
1204.745 1641
1204.745 1642
1205.688 1643
1205.688 1644
1206.094 1645
1206.696 1646
1206.707 1647
1206.882 1648
1206.882 1649
1206.887 1650
1206.887 1651
1206.888 1652
1206.890 1653
1206.898 1654
1206.905 1655
1207.161 1656
1207.525 1657
1207.947 1658
1209.485 1659
1210.075 1660
1210.075 1661
1210.420 1662
1210.420 1663
1210.692 1664
1210.693 1665
1210.959 1666
1210.959 1667
1210.992 1668
1211.365 1669
1211.365 1670
1211.851 1671
1211.862 1672
1211.957 1673
1211.963 1674
1212.027 1675
1212.127 1676
1212.127 1677
1212.493 1678
1212.493 1679
1212.694 1680
1212.836 1681
1214.315 1682
1214.667 1683
1214.685 1684
1214.689 1685
1214.693 1686
1214.698 1687
1214.698 1688
1214.719 1689
1214.719 1690
1214.731 1691
1214.759 1692
1214.759 1693
1215.264 1694
1215.535 1695
1216.058 1696
1216.450 1697
1216.450 1698
1216.974 1699
1217.417 1700
1218.217 1701
1218.902 1702
1219.140 1703
1219.192 1704
1219.204 1705
1219.206 1706
1219.220 1707
1219.294 1708
1219.300 1709
1219.324 1710
1219.337 1711
1219.856 1712
1219.856 1713
1220.155 1714
1220.703 1715
1221.443 1716
1222.895 1717
1223.002 1718
1223.093 1719
1223.094 1720
1223.101 1721
1223.771 1722
1225.136 1723
1225.598 1724
1226.055 1725
1226.979 1726
1227.344 1727
1227.765 1728
1227.990 1729
1229.462 1730
1229.978 1731
1232.603 1732
1232.649 1733
1232.716 1734
1233.664 1735
1233.690 1736
1234.559 1737
1235.111 1738
1235.849 1739
1235.965 1740
1235.977 1741
1237.499 1742
1237.802 1743
1238.366 1744
1239.566 1745
1240.231 1746
1240.623 1747
1240.719 1748
1240.729 1749
1240.856 1750
1241.341 1751
1248.025 1752
1248.993 1753
1250.952 1754
1255.820 1755
1255.933 1756
1256.658 1757
1258.058 1758
1258.552 1759
1258.555 1760
1261.236 1761
1262.466 1762
1264.446 1763
1264.716 1764
1264.766 1765
1265.282 1766
1265.503 1767
1266.792 1768
1267.670 1769
1267.792 1770
1267.796 1771
1268.451 1772
1268.910 1773
1268.921 1774
1269.036 1775
1269.111 1776
1269.211 1777
1269.233 1778
1269.281 1779
1269.395 1780
1269.621 1781
1269.686 1782
1270.683 1783
1270.684 1784
1270.940 1785
1270.963 1786
1271.347 1787
1271.394 1788
1271.406 1789
1271.448 1790
1272.096 1791
1272.138 1792
1272.160 1793
1272.227 1794
1272.813 1795
1272.814 1796
1272.827 1797
1272.838 1798
1272.850 1799
1272.861 1800
1272.973 1801
1272.976 1802
1272.976 1803
1273.003 1804
1273.004 1805
1273.021 1806
1273.029 1807
1273.030 1808
1273.033 1809
1273.045 1810
1273.068 1811
1273.077 1812
1273.187 1813
1273.197 1814
1273.209 1815
1273.321 1816
1273.373 1817
1273.377 1818
1273.439 1819
1273.517 1820
1273.520 1821
1273.547 1822
1273.571 1823
1273.621 1824
1273.643 1825
1273.821 1826
1273.858 1827
1273.896 1828
1273.949 1829
1273.983 1830
1273.996 1831
1274.093 1832
1274.349 1833
1274.362 1834
1274.472 1835
1274.476 1836
1274.476 1837
1274.477 1838
1274.552 1839
1274.554 1840
1274.585 1841
1274.588 1842
1274.631 1843
1274.783 1844
1274.848 1845
1274.879 1846
1274.968 1847
1274.974 1848
1274.975 1849
1275.054 1850
1275.227 1851
1275.242 1852
1275.400 1853
1275.632 1854
1275.669 1855
1275.737 1856
1275.950 1857
1275.966 1858
1275.967 1859
1275.967 1860
1275.968 1861
1275.990 1862
1276.133 1863
1276.339 1864
1276.360 1865
1276.674 1866
1276.678 1867
1276.707 1868
1276.716 1869
1276.818 1870
1276.882 1871
1276.907 1872
1276.911 1873
1276.911 1874
1276.920 1875
1276.927 1876
1277.097 1877
1277.145 1878
1277.406 1879
1277.505 1880
1277.597 1881
1277.609 1882
1277.651 1883
1277.663 1884
1277.703 1885
1277.724 1886
1277.740 1887
1277.808 1888
1278.066 1889
1278.088 1890
1278.201 1891
1278.204 1892
1278.210 1893
1278.237 1894
1278.537 1895
1278.538 1896
1278.540 1897
1278.552 1898
1278.928 1899
1279.118 1900
1279.325 1901
1279.356 1902
1280.785 1903
1280.793 1904
1280.988 1905
1281.297 1906
1281.309 1907
1281.862 1908
1281.864 1909
1281.918 1910
1281.953 1911
1281.974 1912
1282.011 1913
1282.079 1914
1282.195 1915
1282.226 1916
1282.254 1917
1282.280 1918
1282.312 1919
1282.534 1920
1282.552 1921
1282.605 1922
1282.630 1923
1282.664 1924
1282.678 1925
1282.845 1926
1282.885 1927
1282.947 1928
1283.001 1929
1283.040 1930
1283.153 1931
1283.242 1932
1283.481 1933
1284.495 1934
1285.179 1935
1285.465 1936
1285.752 1937
1286.423 1938
1286.463 1939
1286.496 1940
1286.720 1941
1286.921 1942
1289.289 1943
1289.292 1944
1289.544 1945
1290.248 1946
1290.249 1947
1290.812 1948
1291.372 1949
1292.950 1950
1293.192 1951
1293.282 1952
1294.282 1953
1294.515 1954
1294.515 1955
1294.564 1956
1294.734 1957
1294.800 1958
1294.932 1959
1295.333 1960
1295.696 1961
1295.821 1962
1295.954 1963
1296.145 1964
1296.769 1965
1296.949 1966
1297.823 1967
1302.736 1968
1305.123 1969
1305.372 1970
1307.276 1971
1308.301 1972
1308.304 1973
1308.382 1974
1309.403 1975
1309.566 1976
1309.567 1977
1309.567 1978
1309.567 1979
1309.567 1980
1309.568 1981
1309.568 1982
1309.577 1983
1309.577 1984
1309.577 1985
1309.578 1986
1309.578 1987
1309.578 1988
1310.313 1989
1310.755 1990
1313.995 1991
1314.487 1992
1314.607 1993
1314.716 1994
1318.023 1995
1319.257 1996
1321.735 1997
1322.648 1998
1322.715 1999
1322.747 2000
1323.459 2001
1323.493 2002
1323.620 2003
1324.500 2004
1325.950 2005
1326.021 2006
1326.101 2007
1326.220 2008
1326.221 2009
1326.252 2010
1326.265 2011
1326.283 2012
1326.425 2013
1326.554 2014
1326.575 2015
1326.575 2016
1326.610 2017
1326.615 2018
1326.633 2019
1327.469 2020
1327.490 2021
1327.594 2022
1327.632 2023
1327.659 2024
1327.660 2025
1327.686 2026
1327.693 2027
1327.772 2028
1327.838 2029
1327.869 2030
1328.037 2031
1328.061 2032
1328.125 2033
1328.128 2034
1328.159 2035
1328.172 2036
1328.192 2037
1328.315 2038
1328.556 2039
1329.067 2040
1329.302 2041
1329.519 2042
1329.610 2043
1329.676 2044
1329.773 2045
1330.119 2046
1332.144 2047
1333.771 2048
1339.044 2049
1339.882 2050
1341.918 2051
1348.985 2052
1349.831 2053
1350.114 2054
1352.306 2055
1361.134 2056
1361.164 2057
1361.387 2058
1361.460 2059
1364.021 2060
1365.886 2061
1366.587 2062
1366.670 2063
1366.715 2064
1366.718 2065
1366.793 2066
1366.806 2067
1366.901 2068
1367.135 2069
1367.156 2070
1367.168 2071
1367.212 2072
1367.362 2073
1367.443 2074
1367.632 2075
1367.640 2076
1367.690 2077
1367.713 2078
1367.750 2079
1367.798 2080
1367.815 2081
1371.165 2082
1373.777 2083
1374.659 2084
1375.185 2085
1375.186 2086
1375.187 2087
1377.310 2088
1382.834 2089
1387.979 2090
1391.109 2091
1392.225 2092
1398.489 2093
1398.959 2094
1402.983 2095
1404.818 2096
1407.149 2097
1407.152 2098
1407.152 2099
1407.153 2100
1407.158 2101
1407.264 2102
1410.083 2103
1417.541 2104
1417.639 2105
1429.814 2106
1436.334 2107
1436.612 2108
1442.143 2109
1442.144 2110
1447.465 2111
1447.825 2112
1453.387 2113
1455.488 2114
1457.885 2115
1457.885 2116
1460.116 2117
1460.123 2118
1460.415 2119
1460.486 2120
1465.629 2121
1465.784 2122
1473.329 2123
1486.333 2124
1488.095 2125
1498.200 2126
1500.371 2127
1501.992 2128
1503.513 2129
1504.647 2130
1505.153 2131
1505.965 2132
1506.520 2133
1506.536 2134
1506.545 2135
1506.546 2136
1506.570 2137
1506.571 2138
1506.573 2139
1506.574 2140
1506.574 2141
1506.577 2142
1506.578 2143
1506.581 2144
1506.587 2145
1506.589 2146
1506.589 2147
1506.602 2148
1506.619 2149
1510.622 2150
1522.636 2151
1522.816 2152
1528.015 2153
1535.320 2154
1556.703 2155
1557.118 2156
1558.249 2157
1558.815 2158
1559.155 2159
1559.556 2160
1559.656 2161
1559.727 2162
1560.758 2163
1560.765 2164
1560.766 2165
1560.767 2166
1560.767 2167
1561.149 2168
1561.188 2169
1561.216 2170
1561.216 2171
1561.244 2172
1561.258 2173
1561.265 2174
1561.267 2175
1561.269 2176
1561.278 2177
1561.282 2178
1561.284 2179
1561.285 2180
1561.286 2181
1561.293 2182
1561.294 2183
1561.305 2184
1561.306 2185
1561.320 2186
1561.324 2187
1561.327 2188
1561.330 2189
1561.336 2190
1561.338 2191
1561.340 2192
1561.344 2193
1561.345 2194
1561.345 2195
1561.348 2196
1561.348 2197
1561.351 2198
1561.351 2199
1561.355 2200
1561.369 2201
1561.377 2202
1561.378 2203
1561.389 2204
1561.397 2205
1561.399 2206
1561.399 2207
1561.404 2208
1561.405 2209
1561.414 2210
1561.416 2211
1561.422 2212
1561.427 2213
1561.429 2214
1561.429 2215
1561.431 2216
1561.432 2217
1561.438 2218
1561.438 2219
1561.440 2220
1561.443 2221
1561.448 2222
1561.448 2223
1561.451 2224
1561.456 2225
1561.456 2226
1561.460 2227
1561.461 2228
1561.462 2229
1561.462 2230
1561.465 2231
1561.467 2232
1561.468 2233
1561.469 2234
1561.469 2235
1561.470 2236
1561.471 2237
1561.475 2238
1561.475 2239
1561.476 2240
1561.479 2241
1561.483 2242
1561.484 2243
1561.486 2244
1561.487 2245
1561.489 2246
1561.490 2247
1561.491 2248
1561.491 2249
1561.493 2250
1561.494 2251
1561.495 2252
1561.496 2253
1561.497 2254
1561.499 2255
1561.501 2256
1561.502 2257
1561.502 2258
1561.503 2259
1561.504 2260
1561.505 2261
1561.506 2262
1561.507 2263
1561.508 2264
1561.509 2265
1561.509 2266
1561.509 2267
1561.511 2268
1561.512 2269
1561.513 2270
1561.514 2271
1561.514 2272
1561.515 2273
1561.517 2274
1561.518 2275
1561.519 2276
1561.519 2277
1561.520 2278
1561.520 2279
1561.520 2280
1561.522 2281
1561.522 2282
1561.523 2283
1561.523 2284
1561.523 2285
1561.525 2286
1561.527 2287
1561.527 2288
1561.528 2289
1561.529 2290
1561.529 2291
1561.529 2292
1561.530 2293
1561.531 2294
1561.531 2295
1561.531 2296
1561.532 2297
1561.533 2298
1561.533 2299
1561.534 2300
1561.534 2301
1561.534 2302
1561.535 2303
1561.537 2304
1561.539 2305
1561.539 2306
1561.540 2307
1561.540 2308
1561.542 2309
1561.544 2310
1561.545 2311
1561.545 2312
1561.547 2313
1561.548 2314
1561.549 2315
1561.549 2316
1561.550 2317
1561.551 2318
1561.553 2319
1561.554 2320
1561.556 2321
1561.557 2322
1561.557 2323
1561.558 2324
1561.559 2325
1561.561 2326
1561.561 2327
1561.562 2328
1561.563 2329
1561.565 2330
1561.566 2331
1561.566 2332
1561.567 2333
1561.568 2334
1561.569 2335
1561.569 2336
1561.570 2337
1561.571 2338
1561.572 2339
1561.572 2340
1561.575 2341
1561.576 2342
1561.577 2343
1561.577 2344
1561.578 2345
1561.582 2346
1561.584 2347
1561.586 2348
1561.587 2349
1561.587 2350
1561.588 2351
1561.589 2352
1561.591 2353
1561.592 2354
1561.592 2355
1561.594 2356
1561.594 2357
1561.596 2358
1561.596 2359
1561.596 2360
1561.598 2361
1561.598 2362
1561.599 2363
1561.600 2364
1561.601 2365
1561.602 2366
1561.603 2367
1561.603 2368
1561.604 2369
1561.604 2370
1561.607 2371
1561.608 2372
1561.608 2373
1561.610 2374
1561.610 2375
1561.610 2376
1561.611 2377
1561.612 2378
1561.612 2379
1561.613 2380
1561.614 2381
1561.617 2382
1561.618 2383
1561.619 2384
1561.619 2385
1561.621 2386
1561.623 2387
1561.624 2388
1561.625 2389
1561.626 2390
1561.629 2391
1561.630 2392
1561.631 2393
1561.631 2394
1561.632 2395
1561.633 2396
1561.634 2397
1561.634 2398
1561.635 2399
1561.636 2400
1561.637 2401
1561.637 2402
1561.638 2403
1561.641 2404
1561.642 2405
1561.643 2406
1561.643 2407
1561.643 2408
1561.644 2409
1561.644 2410
1561.646 2411
1561.646 2412
1561.647 2413
1561.648 2414
1561.648 2415
1561.649 2416
1561.649 2417
1561.650 2418
1561.650 2419
1561.651 2420
1561.652 2421
1561.652 2422
1561.653 2423
1561.653 2424
1561.653 2425
1561.654 2426
1561.655 2427
1561.656 2428
1561.656 2429
1561.657 2430
1561.657 2431
1561.658 2432
1561.659 2433
1561.659 2434
1561.659 2435
1561.661 2436
1561.661 2437
1561.662 2438
1561.663 2439
1561.664 2440
1561.664 2441
1561.665 2442
1561.665 2443
1561.668 2444
1561.668 2445
1561.668 2446
1561.668 2447
1561.669 2448
1561.670 2449
1561.671 2450
1561.672 2451
1561.672 2452
1561.674 2453
1561.674 2454
1561.675 2455
1561.675 2456
1561.676 2457
1561.677 2458
1561.678 2459
1561.680 2460
1561.681 2461
1561.681 2462
1561.682 2463
1561.683 2464
1561.683 2465
1561.684 2466
1561.684 2467
1561.685 2468
1561.687 2469
1561.687 2470
1561.688 2471
1561.689 2472
1561.690 2473
1561.691 2474
1561.691 2475
1561.691 2476
1561.692 2477
1561.693 2478
1561.694 2479
1561.695 2480
1561.696 2481
1561.696 2482
1561.697 2483
1561.698 2484
1561.698 2485
1561.699 2486
1561.700 2487
1561.700 2488
1561.701 2489
1561.702 2490
1561.702 2491
1561.703 2492
1561.703 2493
1561.704 2494
1561.704 2495
1561.704 2496
1561.705 2497
1561.705 2498
1561.706 2499
1561.707 2500
1561.707 2501
1561.708 2502
1561.708 2503
1561.709 2504
1561.710 2505
1561.711 2506
1561.711 2507
1561.712 2508
1561.712 2509
1561.713 2510
1561.713 2511
1561.714 2512
1561.714 2513
1561.714 2514
1561.714 2515
1561.715 2516
1561.715 2517
1561.717 2518
1561.718 2519
1561.719 2520
1561.720 2521
1561.720 2522
1561.721 2523
1561.722 2524
1561.722 2525
1561.724 2526
1561.724 2527
1561.725 2528
1561.725 2529
1561.727 2530
1561.727 2531
1561.728 2532
1561.728 2533
1561.729 2534
1561.730 2535
1561.730 2536
1561.732 2537
1561.732 2538
1561.733 2539
1561.733 2540
1561.734 2541
1561.735 2542
1561.736 2543
1561.738 2544
1561.738 2545
1561.740 2546
1561.741 2547
1561.741 2548
1561.741 2549
1561.742 2550
1561.744 2551
1561.744 2552
1561.745 2553
1561.746 2554
1561.746 2555
1561.748 2556
1561.750 2557
1561.750 2558
1561.751 2559
1561.751 2560
1561.753 2561
1561.756 2562
1561.756 2563
1561.757 2564
1561.757 2565
1561.759 2566
1561.760 2567
1561.761 2568
1561.761 2569
1561.763 2570
1561.763 2571
1561.764 2572
1561.764 2573
1561.766 2574
1561.767 2575
1561.768 2576
1561.770 2577
1561.770 2578
1561.771 2579
1561.771 2580
1561.772 2581
1561.773 2582
1561.774 2583
1561.775 2584
1561.775 2585
1561.776 2586
1561.776 2587
1561.777 2588
1561.777 2589
1561.778 2590
1561.779 2591
1561.779 2592
1561.779 2593
1561.780 2594
1561.781 2595
1561.781 2596
1561.782 2597
1561.782 2598
1561.782 2599
1561.784 2600
1561.785 2601
1561.786 2602
1561.787 2603
1561.787 2604
1561.788 2605
1561.789 2606
1561.789 2607
1561.792 2608
1561.792 2609
1561.793 2610
1561.795 2611
1561.797 2612
1561.799 2613
1561.800 2614
1561.800 2615
1561.801 2616
1561.802 2617
1561.803 2618
1561.803 2619
1561.805 2620
1561.806 2621
1561.807 2622
1561.807 2623
1561.809 2624
1561.810 2625
1561.812 2626
1561.813 2627
1561.813 2628
1561.814 2629
1561.816 2630
1561.817 2631
1561.819 2632
1561.819 2633
1561.820 2634
1561.821 2635
1561.821 2636
1561.822 2637
1561.822 2638
1561.824 2639
1561.825 2640
1561.828 2641
1561.831 2642
1561.831 2643
1561.831 2644
1561.832 2645
1561.832 2646
1561.835 2647
1561.836 2648
1561.836 2649
1561.837 2650
1561.838 2651
1561.839 2652
1561.839 2653
1561.840 2654
1561.841 2655
1561.842 2656
1561.844 2657
1561.844 2658
1561.845 2659
1561.845 2660
1561.845 2661
1561.846 2662
1561.847 2663
1561.848 2664
1561.850 2665
1561.851 2666
1561.853 2667
1561.853 2668
1561.854 2669
1561.855 2670
1561.857 2671
1561.857 2672
1561.858 2673
1561.859 2674
1561.859 2675
1561.859 2676
1561.860 2677
1561.860 2678
1561.862 2679
1561.863 2680
1561.865 2681
1561.865 2682
1561.866 2683
1561.867 2684
1561.869 2685
1561.869 2686
1561.869 2687
1561.870 2688
1561.870 2689
1561.870 2690
1561.871 2691
1561.871 2692
1561.872 2693
1561.872 2694
1561.873 2695
1561.874 2696
1561.875 2697
1561.876 2698
1561.876 2699
1561.877 2700
1561.877 2701
1561.878 2702
1561.878 2703
1561.879 2704
1561.880 2705
1561.880 2706
1561.880 2707
1561.881 2708
1561.881 2709
1561.881 2710
1561.882 2711
1561.882 2712
1561.883 2713
1561.884 2714
1561.884 2715
1561.885 2716
1561.885 2717
1561.885 2718
1561.886 2719
1561.887 2720
1561.888 2721
1561.888 2722
1561.889 2723
1561.890 2724
1561.891 2725
1561.891 2726
1561.893 2727
1561.893 2728
1561.896 2729
1561.896 2730
1561.897 2731
1561.897 2732
1561.898 2733
1561.898 2734
1561.899 2735
1561.899 2736
1561.902 2737
1561.903 2738
1561.904 2739
1561.905 2740
1561.905 2741
1561.905 2742
1561.907 2743
1561.907 2744
1561.908 2745
1561.908 2746
1561.909 2747
1561.910 2748
1561.911 2749
1561.911 2750
1561.913 2751
1561.913 2752
1561.914 2753
1561.915 2754
1561.915 2755
1561.917 2756
1561.917 2757
1561.918 2758
1561.918 2759
1561.919 2760
1561.920 2761
1561.920 2762
1561.921 2763
1561.922 2764
1561.922 2765
1561.923 2766
1561.923 2767
1561.924 2768
1561.924 2769
1561.925 2770
1561.926 2771
1561.928 2772
1561.928 2773
1561.928 2774
1561.928 2775
1561.928 2776
1561.929 2777
1561.930 2778
1561.930 2779
1561.930 2780
1561.932 2781
1561.933 2782
1561.935 2783
1561.936 2784
1561.936 2785
1561.937 2786
1561.937 2787
1561.938 2788
1561.939 2789
1561.939 2790
1561.942 2791
1561.942 2792
1561.943 2793
1561.944 2794
1561.945 2795
1561.946 2796
1561.949 2797
1561.950 2798
1561.951 2799
1561.951 2800
1561.952 2801
1561.952 2802
1561.952 2803
1561.953 2804
1561.954 2805
1561.954 2806
1561.955 2807
1561.955 2808
1561.955 2809
1561.956 2810
1561.958 2811
1561.959 2812
1561.960 2813
1561.960 2814
1561.960 2815
1561.961 2816
1561.961 2817
1561.964 2818
1561.964 2819
1561.966 2820
1561.966 2821
1561.967 2822
1561.969 2823
1561.970 2824
1561.971 2825
1561.972 2826
1561.972 2827
1561.972 2828
1561.973 2829
1561.974 2830
1561.974 2831
1561.975 2832
1561.976 2833
1561.977 2834
1561.978 2835
1561.978 2836
1561.978 2837
1561.978 2838
1561.979 2839
1561.979 2840
1561.980 2841
1561.980 2842
1561.981 2843
1561.981 2844
1561.981 2845
1561.982 2846
1561.983 2847
1561.983 2848
1561.984 2849
1561.986 2850
1561.986 2851
1561.987 2852
1561.987 2853
1561.988 2854
1561.988 2855
1561.989 2856
1561.990 2857
1561.990 2858
1561.990 2859
1561.991 2860
1561.992 2861
1561.992 2862
1561.993 2863
1561.993 2864
1561.993 2865
1561.994 2866
1561.994 2867
1561.994 2868
1561.994 2869
1561.995 2870
1561.995 2871
1561.996 2872
1561.997 2873
1561.997 2874
1561.997 2875
1561.998 2876
1561.998 2877
1561.998 2878
1561.999 2879
1561.999 2880
1562.000 2881
1562.000 2882
1562.000 2883
1562.001 2884
1562.002 2885
1562.003 2886
1562.004 2887
1562.006 2888
1562.008 2889
1562.009 2890
1562.009 2891
1562.010 2892
1562.012 2893
1562.015 2894
1562.015 2895
1562.015 2896
1562.016 2897
1562.016 2898
1562.017 2899
1562.019 2900
1562.019 2901
1562.020 2902
1562.021 2903
1562.021 2904
1562.022 2905
1562.022 2906
1562.024 2907
1562.024 2908
1562.025 2909
1562.025 2910
1562.026 2911
1562.027 2912
1562.028 2913
1562.030 2914
1562.031 2915
1562.032 2916
1562.032 2917
1562.035 2918
1562.036 2919
1562.036 2920
1562.037 2921
1562.038 2922
1562.039 2923
1562.039 2924
1562.039 2925
1562.040 2926
1562.041 2927
1562.042 2928
1562.043 2929
1562.044 2930
1562.045 2931
1562.045 2932
1562.046 2933
1562.048 2934
1562.049 2935
1562.050 2936
1562.051 2937
1562.053 2938
1562.053 2939
1562.053 2940
1562.053 2941
1562.054 2942
1562.055 2943
1562.055 2944
1562.057 2945
1562.057 2946
1562.058 2947
1562.059 2948
1562.061 2949
1562.062 2950
1562.063 2951
1562.064 2952
1562.066 2953
1562.068 2954
1562.069 2955
1562.069 2956
1562.070 2957
1562.070 2958
1562.070 2959
1562.070 2960
1562.070 2961
1562.072 2962
1562.074 2963
1562.076 2964
1562.076 2965
1562.077 2966
1562.077 2967
1562.078 2968
1562.078 2969
1562.078 2970
1562.079 2971
1562.079 2972
1562.079 2973
1562.080 2974
1562.081 2975
1562.082 2976
1562.083 2977
1562.084 2978
1562.084 2979
1562.085 2980
1562.085 2981
1562.086 2982
1562.086 2983
1562.087 2984
1562.087 2985
1562.088 2986
1562.089 2987
1562.089 2988
1562.090 2989
1562.090 2990
1562.090 2991
1562.091 2992
1562.092 2993
1562.092 2994
1562.093 2995
1562.093 2996
1562.094 2997
1562.094 2998
1562.094 2999
1562.097 3000
1562.097 3001
1562.098 3002
1562.098 3003
1562.100 3004
1562.101 3005
1562.102 3006
1562.102 3007
1562.103 3008
1562.103 3009
1562.104 3010
1562.104 3011
1562.104 3012
1562.105 3013
1562.106 3014
1562.106 3015
1562.106 3016
1562.107 3017
1562.107 3018
1562.109 3019
1562.111 3020
1562.112 3021
1562.113 3022
1562.113 3023
1562.114 3024
1562.114 3025
1562.115 3026
1562.115 3027
1562.116 3028
1562.116 3029
1562.117 3030
1562.117 3031
1562.117 3032
1562.118 3033
1562.119 3034
1562.119 3035
1562.120 3036
1562.121 3037
1562.121 3038
1562.121 3039
1562.128 3040
1562.128 3041
1562.130 3042
1562.132 3043
1562.134 3044
1562.135 3045
1562.136 3046
1562.136 3047
1562.137 3048
1562.141 3049
1562.141 3050
1562.145 3051
1562.145 3052
1562.147 3053
1562.147 3054
1562.150 3055
1562.151 3056
1562.153 3057
1562.153 3058
1562.157 3059
1562.160 3060
1562.162 3061
1562.163 3062
1562.164 3063
1562.166 3064
1562.168 3065
1562.169 3066
1562.169 3067
1562.171 3068
1562.172 3069
1562.173 3070
1562.174 3071
1562.175 3072
1562.175 3073
1562.180 3074
1562.181 3075
1562.182 3076
1562.183 3077
1562.184 3078
1562.186 3079
1562.188 3080
1562.190 3081
1562.193 3082
1562.194 3083
1562.194 3084
1562.195 3085
1562.197 3086
1562.198 3087
1562.198 3088
1562.198 3089
1562.199 3090
1562.202 3091
1562.202 3092
1562.203 3093
1562.204 3094
1562.205 3095
1562.206 3096
1562.206 3097
1562.207 3098
1562.211 3099
1562.213 3100
1562.214 3101
1562.216 3102
1562.219 3103
1562.220 3104
1562.221 3105
1562.223 3106
1562.226 3107
1562.231 3108
1562.234 3109
1562.235 3110
1562.237 3111
1562.238 3112
1562.241 3113
1562.242 3114
1562.245 3115
1562.247 3116
1562.249 3117
1562.253 3118
1562.257 3119
1562.263 3120
1562.267 3121
1562.268 3122
1562.270 3123
1562.271 3124
1562.273 3125
1562.274 3126
1562.277 3127
1562.278 3128
1562.281 3129
1562.283 3130
1562.287 3131
1562.287 3132
1562.289 3133
1562.289 3134
1562.295 3135
1562.297 3136
1562.299 3137
1562.302 3138
1562.303 3139
1562.305 3140
1562.308 3141
1562.311 3142
1562.312 3143
1562.313 3144
1562.314 3145
1562.315 3146
1562.321 3147
1562.322 3148
1562.323 3149
1562.330 3150
1562.331 3151
1562.331 3152
1562.331 3153
1562.332 3154
1562.332 3155
1562.335 3156
1562.335 3157
1562.336 3158
1562.337 3159
1562.339 3160
1562.341 3161
1562.345 3162
1562.346 3163
1562.346 3164
1562.347 3165
1562.348 3166
1562.349 3167
1562.349 3168
1562.350 3169
1562.351 3170
1562.352 3171
1562.352 3172
1562.357 3173
1562.359 3174
1562.361 3175
1562.361 3176
1562.363 3177
1562.367 3178
1562.372 3179
1562.373 3180
1562.375 3181
1562.377 3182
1562.378 3183
1562.380 3184
1562.380 3185
1562.382 3186
1562.382 3187
1562.382 3188
1562.383 3189
1562.387 3190
1562.388 3191
1562.389 3192
1562.390 3193
1562.390 3194
1562.392 3195
1562.394 3196
1562.395 3197
1562.396 3198
1562.396 3199
1562.397 3200
1562.397 3201
1562.399 3202
1562.401 3203
1562.404 3204
1562.405 3205
1562.406 3206
1562.409 3207
1562.410 3208
1562.411 3209
1562.411 3210
1562.412 3211
1562.412 3212
1562.414 3213
1562.414 3214
1562.414 3215
1562.415 3216
1562.415 3217
1562.415 3218
1562.418 3219
1562.422 3220
1562.424 3221
1562.426 3222
1562.427 3223
1562.428 3224
1562.428 3225
1562.429 3226
1562.430 3227
1562.431 3228
1562.432 3229
1562.434 3230
1562.435 3231
1562.435 3232
1562.435 3233
1562.436 3234
1562.437 3235
1562.438 3236
1562.440 3237
1562.444 3238
1562.445 3239
1562.446 3240
1562.447 3241
1562.447 3242
1562.449 3243
1562.451 3244
1562.452 3245
1562.452 3246
1562.453 3247
1562.455 3248
1562.455 3249
1562.457 3250
1562.457 3251
1562.462 3252
1562.462 3253
1562.463 3254
1562.465 3255
1562.467 3256
1562.468 3257
1562.470 3258
1562.474 3259
1562.474 3260
1562.479 3261
1562.482 3262
1562.482 3263
1562.483 3264
1562.484 3265
1562.485 3266
1562.486 3267
1562.486 3268
1562.488 3269
1562.489 3270
1562.492 3271
1562.492 3272
1562.493 3273
1562.495 3274
1562.496 3275
1562.497 3276
1562.497 3277
1562.501 3278
1562.501 3279
1562.507 3280
1562.508 3281
1562.508 3282
1562.511 3283
1562.513 3284
1562.515 3285
1562.516 3286
1562.519 3287
1562.522 3288
1562.524 3289
1562.525 3290
1562.528 3291
1562.530 3292
1562.535 3293
1562.535 3294
1562.537 3295
1562.538 3296
1562.540 3297
1562.541 3298
1562.542 3299
1562.542 3300
1562.543 3301
1562.544 3302
1562.547 3303
1562.551 3304
1562.551 3305
1562.552 3306
1562.560 3307
1562.563 3308
1562.566 3309
1562.566 3310
1562.568 3311
1562.572 3312
1562.572 3313
1562.575 3314
1562.576 3315
1562.578 3316
1562.580 3317
1562.581 3318
1562.582 3319
1562.586 3320
1562.586 3321
1562.587 3322
1562.588 3323
1562.588 3324
1562.588 3325
1562.590 3326
1562.591 3327
1562.593 3328
1562.599 3329
1562.601 3330
1562.603 3331
1562.603 3332
1562.606 3333
1562.608 3334
1562.610 3335
1562.616 3336
1562.622 3337
1562.622 3338
1562.623 3339
1562.625 3340
1562.629 3341
1562.630 3342
1562.633 3343
1562.643 3344
1562.644 3345
1562.646 3346
1562.649 3347
1562.650 3348
1562.652 3349
1562.652 3350
1562.652 3351
1562.653 3352
1562.656 3353
1562.658 3354
1562.663 3355
1562.663 3356
1562.664 3357
1562.665 3358
1562.668 3359
1562.668 3360
1562.668 3361
1562.671 3362
1562.674 3363
1562.680 3364
1562.681 3365
1562.681 3366
1562.682 3367
1562.684 3368
1562.685 3369
1562.686 3370
1562.688 3371
1562.690 3372
1562.696 3373
1562.701 3374
1562.703 3375
1562.703 3376
1562.710 3377
1562.711 3378
1562.716 3379
1562.721 3380
1562.724 3381
1562.727 3382
1562.727 3383
1562.733 3384
1562.736 3385
1562.739 3386
1562.741 3387
1562.746 3388
1562.753 3389
1562.753 3390
1562.754 3391
1562.768 3392
1562.769 3393
1562.771 3394
1562.773 3395
1562.775 3396
1562.779 3397
1562.781 3398
1562.785 3399
1562.786 3400
1562.787 3401
1562.788 3402
1562.791 3403
1562.794 3404
1562.797 3405
1562.800 3406
1562.802 3407
1562.804 3408
1562.806 3409
1562.812 3410
1562.813 3411
1562.816 3412
1562.821 3413
1562.825 3414
1562.827 3415
1562.829 3416
1562.829 3417
1562.834 3418
1562.838 3419
1562.841 3420
1562.846 3421
1562.849 3422
1562.849 3423
1562.850 3424
1562.850 3425
1562.856 3426
1562.856 3427
1562.857 3428
1562.859 3429
1562.859 3430
1562.866 3431
1562.870 3432
1562.871 3433
1562.872 3434
1562.874 3435
1562.876 3436
1562.881 3437
1562.883 3438
1562.885 3439
1562.889 3440
1562.890 3441
1562.893 3442
1562.894 3443
1562.898 3444
1562.899 3445
1562.903 3446
1562.908 3447
1562.912 3448
1562.913 3449
1562.914 3450
1562.915 3451
1562.919 3452
1562.920 3453
1562.920 3454
1562.922 3455
1562.925 3456
1562.928 3457
1562.938 3458
1562.938 3459
1562.943 3460
1562.944 3461
1562.944 3462
1562.945 3463
1562.946 3464
1562.948 3465
1562.949 3466
1562.950 3467
1562.951 3468
1562.953 3469
1562.953 3470
1562.959 3471
1562.963 3472
1562.971 3473
1562.974 3474
1562.976 3475
1562.977 3476
1562.977 3477
1562.978 3478
1562.983 3479
1562.991 3480
1562.995 3481
1562.995 3482
1562.996 3483
1562.998 3484
1562.998 3485
1563.001 3486
1563.002 3487
1563.008 3488
1563.008 3489
1563.011 3490
1563.017 3491
1563.020 3492
1563.026 3493
1563.027 3494
1563.028 3495
1563.031 3496
1563.032 3497
1563.034 3498
1563.034 3499
1563.035 3500
1563.039 3501
1563.046 3502
1563.048 3503
1563.050 3504
1563.058 3505
1563.060 3506
1563.061 3507
1563.063 3508
1563.064 3509
1563.065 3510
1563.068 3511
1563.068 3512
1563.072 3513
1563.074 3514
1563.076 3515
1563.082 3516
1563.084 3517
1563.085 3518
1563.088 3519
1563.088 3520
1563.090 3521
1563.094 3522
1563.096 3523
1563.100 3524
1563.103 3525
1563.104 3526
1563.108 3527
1563.112 3528
1563.113 3529
1563.120 3530
1563.121 3531
1563.126 3532
1563.128 3533
1563.130 3534
1563.131 3535
1563.132 3536
1563.135 3537
1563.139 3538
1563.142 3539
1563.147 3540
1563.148 3541
1563.151 3542
1563.151 3543
1563.156 3544
1563.157 3545
1563.160 3546
1563.161 3547
1563.165 3548
1563.169 3549
1563.172 3550
1563.173 3551
1563.174 3552
1563.174 3553
1563.174 3554
1563.180 3555
1563.185 3556
1563.189 3557
1563.192 3558
1563.193 3559
1563.194 3560
1563.196 3561
1563.200 3562
1563.202 3563
1563.203 3564
1563.203 3565
1563.203 3566
1563.207 3567
1563.212 3568
1563.214 3569
1563.217 3570
1563.222 3571
1563.223 3572
1563.224 3573
1563.237 3574
1563.238 3575
1563.238 3576
1563.241 3577
1563.243 3578
1563.243 3579
1563.244 3580
1563.245 3581
1563.249 3582
1563.259 3583
1563.260 3584
1563.261 3585
1563.263 3586
1563.265 3587
1563.270 3588
1563.274 3589
1563.283 3590
1563.287 3591
1563.288 3592
1563.290 3593
1563.297 3594
1563.299 3595
1563.302 3596
1563.306 3597
1563.309 3598
1563.310 3599
1563.317 3600
1563.318 3601
1563.319 3602
1563.325 3603
1563.330 3604
1563.341 3605
1563.342 3606
1563.343 3607
1563.347 3608
1563.350 3609
1563.350 3610
1563.353 3611
1563.354 3612
1563.358 3613
1563.361 3614
1563.361 3615
1563.362 3616
1563.371 3617
1563.377 3618
1563.380 3619
1563.381 3620
1563.382 3621
1563.384 3622
1563.389 3623
1563.395 3624
1563.397 3625
1563.398 3626
1563.401 3627
1563.406 3628
1563.408 3629
1563.412 3630
1563.413 3631
1563.414 3632
1563.417 3633
1563.429 3634
1563.437 3635
1563.439 3636
1563.441 3637
1563.446 3638
1563.447 3639
1563.450 3640
1563.453 3641
1563.454 3642
1563.454 3643
1563.460 3644
1563.461 3645
1563.467 3646
1563.473 3647
1563.475 3648
1563.483 3649
1563.484 3650
1563.492 3651
1563.492 3652
1563.496 3653
1563.497 3654
1563.498 3655
1563.510 3656
1563.510 3657
1563.518 3658
1563.521 3659
1563.528 3660
1563.535 3661
1563.537 3662
1563.538 3663
1563.543 3664
1563.548 3665
1563.548 3666
1563.554 3667
1563.561 3668
1563.562 3669
1563.564 3670
1563.566 3671
1563.575 3672
1563.576 3673
1563.577 3674
1563.581 3675
1563.593 3676
1563.594 3677
1563.595 3678
1563.599 3679
1563.612 3680
1563.612 3681
1563.614 3682
1563.617 3683
1563.618 3684
1563.628 3685
1563.633 3686
1563.633 3687
1563.636 3688
1563.636 3689
1563.637 3690
1563.639 3691
1563.658 3692
1563.658 3693
1563.661 3694
1563.661 3695
1563.668 3696
1563.669 3697
1563.670 3698
1563.677 3699
1563.700 3700
1563.710 3701
1563.723 3702
1563.728 3703
1563.728 3704
1563.730 3705
1563.733 3706
1563.744 3707
1563.751 3708
1563.751 3709
1563.753 3710
1563.759 3711
1563.761 3712
1563.763 3713
1563.767 3714
1563.769 3715
1563.770 3716
1563.771 3717
1563.779 3718
1563.780 3719
1563.781 3720
1563.791 3721
1563.792 3722
1563.796 3723
1563.811 3724
1563.812 3725
1563.816 3726
1563.821 3727
1563.825 3728
1563.828 3729
1563.839 3730
1563.847 3731
1563.855 3732
1563.870 3733
1563.879 3734
1563.889 3735
1563.892 3736
1563.895 3737
1563.902 3738
1563.913 3739
1563.921 3740
1563.924 3741
1563.924 3742
1563.925 3743
1563.947 3744
1563.959 3745
1563.979 3746
1563.984 3747
1564.009 3748
1564.015 3749
1564.038 3750
1564.040 3751
1564.041 3752
1564.050 3753
1564.062 3754
1564.071 3755
1564.080 3756
1564.081 3757
1564.084 3758
1564.091 3759
1564.115 3760
1564.116 3761
1564.116 3762
1564.119 3763
1564.127 3764
1564.129 3765
1564.146 3766
1564.156 3767
1564.169 3768
1564.185 3769
1564.191 3770
1564.198 3771
1564.202 3772
1564.210 3773
1564.211 3774
1564.217 3775
1564.224 3776
1564.229 3777
1564.237 3778
1564.241 3779
1564.242 3780
1564.253 3781
1564.257 3782
1564.258 3783
1564.258 3784
1564.263 3785
1564.268 3786
1564.281 3787
1564.282 3788
1564.298 3789
1564.299 3790
1564.308 3791
1564.310 3792
1564.324 3793
1564.325 3794
1564.334 3795
1564.346 3796
1564.346 3797
1564.349 3798
1564.361 3799
1564.372 3800
1564.374 3801
1564.380 3802
1564.382 3803
1564.386 3804
1564.399 3805
1564.406 3806
1564.424 3807
1564.427 3808
1564.433 3809
1564.436 3810
1564.440 3811
1564.441 3812
1564.442 3813
1564.447 3814
1564.468 3815
1564.469 3816
1564.473 3817
1564.487 3818
1564.494 3819
1564.505 3820
1564.508 3821
1564.516 3822
1564.517 3823
1564.527 3824
1564.535 3825
1564.539 3826
1564.541 3827
1564.559 3828
1564.567 3829
1564.573 3830
1564.578 3831
1564.581 3832
1564.586 3833
1564.610 3834
1564.653 3835
1564.656 3836
1564.681 3837
1564.683 3838
1564.688 3839
1564.689 3840
1564.709 3841
1564.725 3842
1564.732 3843
1564.737 3844
1564.757 3845
1564.758 3846
1564.760 3847
1564.767 3848
1564.768 3849
1564.777 3850
1564.780 3851
1564.787 3852
1564.792 3853
1564.811 3854
1564.843 3855
1564.896 3856
1564.915 3857
1564.915 3858
1564.932 3859
1564.950 3860
1564.952 3861
1564.977 3862
1564.992 3863
1564.999 3864
1565.001 3865
1565.022 3866
1565.026 3867
1565.049 3868
1565.058 3869
1565.067 3870
1565.081 3871
1565.082 3872
1565.122 3873
1565.135 3874
1565.136 3875
1565.143 3876
1565.157 3877
1565.164 3878
1565.181 3879
1565.185 3880
1565.200 3881
1565.207 3882
1565.248 3883
1565.248 3884
1565.253 3885
1565.272 3886
1565.296 3887
1565.298 3888
1565.324 3889
1565.324 3890
1565.332 3891
1565.332 3892
1565.341 3893
1565.342 3894
1565.372 3895
1565.381 3896
1565.382 3897
1565.393 3898
1565.401 3899
1565.403 3900
1565.403 3901
1565.408 3902
1565.454 3903
1565.510 3904
1565.518 3905
1565.541 3906
1565.557 3907
1565.578 3908
1565.590 3909
1565.594 3910
1565.597 3911
1565.599 3912
1565.608 3913
1565.620 3914
1565.668 3915
1565.732 3916
1565.801 3917
