254.131 0
254.131 1
549.171 2
554.287 3
555.148 4
558.494 5
559.892 6
560.446 7
563.487 8
564.153 9
564.600 10
565.167 11
566.025 12
566.351 13
566.879 14
567.469 15
567.513 16
567.610 17
570.175 18
570.844 19
572.556 20
572.576 21
574.555 22
578.423 23
578.423 24
588.152 25
588.342 26
589.355 27
590.201 28
590.421 29
590.425 30
590.432 31
590.454 32
590.491 33
590.566 34
591.252 35
594.325 36
595.664 37
596.350 38
602.294 39
602.367 40
604.340 41
604.378 42
604.503 43
604.742 44
604.763 45
607.340 46
608.635 47
609.389 48
609.579 49
609.631 50
610.164 51
610.193 52
610.232 53
610.296 54
610.393 55
610.399 56
610.507 57
610.616 58
610.838 59
610.917 60
613.206 61
616.437 62
616.450 63
616.497 64
616.980 65
616.988 66
616.990 67
617.053 68
617.075 69
617.240 70
617.295 71
617.340 72
622.577 73
624.473 74
624.655 75
625.132 76
625.476 77
625.477 78
625.556 79
625.845 80
625.897 81
631.283 82
632.961 83
633.000 84
633.493 85
634.366 86
634.387 87
634.510 88
635.450 89
636.823 90
642.384 91
642.616 92
642.835 93
642.918 94
645.906 95
646.267 96
646.340 97
646.444 98
646.468 99
646.472 100
646.729 101
647.279 102
647.334 103
647.693 104
647.871 105
647.930 106
648.090 107
652.908 108
653.762 109
654.339 110
665.838 111
669.401 112
669.574 113
671.587 114
674.008 115
674.043 116
674.100 117
674.367 118
674.517 119
675.499 120
676.575 121
677.004 122
685.367 123
688.685 124
697.384 125
699.607 126
699.624 127
699.785 128
699.837 129
699.977 130
700.012 131
709.150 132
709.151 133
709.169 134
709.196 135
709.247 136
715.105 137
721.261 138
725.749 139
728.848 140
731.293 141
731.617 142
739.316 143
739.593 144
739.620 145
741.286 146
741.329 147
741.379 148
741.755 149
741.973 150
744.442 151
744.481 152
745.846 153
747.979 154
749.346 155
749.486 156
750.009 157
750.041 158
750.063 159
750.073 160
750.092 161
750.118 162
750.135 163
750.199 164
750.209 165
750.232 166
750.264 167
750.275 168
750.288 169
750.331 170
750.454 171
750.459 172
750.685 173
751.889 174
752.129 175
767.787 176
768.031 177
768.032 178
769.092 179
775.418 180
776.093 181
778.231 182
784.530 183
787.921 184
788.205 185
789.658 186
797.403 187
797.824 188
797.908 189
806.568 190
809.292 191
818.706 192
826.791 193
836.680 194
837.402 195
837.403 196
840.211 197
841.522 198
842.034 199
843.344 200
847.298 201
850.316 202
855.306 203
855.501 204
855.963 205
856.110 206
856.291 207
856.455 208
856.459 209
856.466 210
857.546 211
863.396 212
868.851 213
868.986 214
868.986 215
869.034 216
869.503 217
873.007 218
873.814 219
877.975 220
881.216 221
882.890 222
884.593 223
884.709 224
885.157 225
885.613 226
886.716 227
886.963 228
886.996 229
887.066 230
887.264 231
887.322 232
887.378 233
887.404 234
887.482 235
887.482 236
887.483 237
887.576 238
888.520 239
890.150 240
891.477 241
895.479 242
895.911 243
896.337 244
896.415 245
899.925 246
900.410 247
901.115 248
901.144 249
901.149 250
901.161 251
901.217 252
901.359 253
901.424 254
902.341 255
902.385 256
902.395 257
902.697 258
902.976 259
903.272 260
905.113 261
905.132 262
905.132 263
905.139 264
905.471 265
905.616 266
906.313 267
906.707 268
906.776 269
910.427 270
913.433 271
913.435 272
914.222 273
920.480 274
921.064 275
921.091 276
921.113 277
921.161 278
921.169 279
921.188 280
921.198 281
921.350 282
921.359 283
921.383 284
921.455 285
921.675 286
923.908 287
923.911 288
924.554 289
925.450 290
926.612 291
926.900 292
926.939 293
927.077 294
928.414 295
928.833 296
929.373 297
929.749 298
932.889 299
933.298 300
933.480 301
933.515 302
934.193 303
934.201 304
934.863 305
934.864 306
935.836 307
935.857 308
936.577 309
936.725 310
937.751 311
942.240 312
942.243 313
942.465 314
942.506 315
942.848 316
944.312 317
944.779 318
945.632 319
946.365 320
947.349 321
948.349 322
950.113 323
950.231 324
950.261 325
950.261 326
950.272 327
950.285 328
950.315 329
950.332 330
950.377 331
950.388 332
950.403 333
950.417 334
950.489 335
950.523 336
950.610 337
950.870 338
950.961 339
950.963 340
951.109 341
951.139 342
951.484 343
953.441 344
954.072 345
954.946 346
957.559 347
957.995 348
958.026 349
958.265 350
958.438 351
958.548 352
959.683 353
959.684 354
959.708 355
959.748 356
960.299 357
960.527 358
960.743 359
960.874 360
961.010 361
961.417 362
961.582 363
963.103 364
963.858 365
965.232 366
965.586 367
966.144 368
966.228 369
966.295 370
966.474 371
966.561 372
967.478 373
967.640 374
967.812 375
967.973 376
968.053 377
969.493 378
969.857 379
969.888 380
970.047 381
970.609 382
970.628 383
972.005 384
972.011 385
972.069 386
972.246 387
972.439 388
972.439 389
972.441 390
972.481 391
974.188 392
974.488 393
975.856 394
976.118 395
979.945 396
981.830 397
982.293 398
982.845 399
983.198 400
984.369 401
984.374 402
984.375 403
984.386 404
984.390 405
984.479 406
985.293 407
985.774 408
986.463 409
986.617 410
987.141 411
987.183 412
987.913 413
988.474 414
989.834 415
990.404 416
990.511 417
990.841 418
991.281 419
991.705 420
992.149 421
994.159 422
994.274 423
994.351 424
994.654 425
994.720 426
997.419 427
997.470 428
998.522 429
998.529 430
998.603 431
998.637 432
998.640 433
999.020 434
1000.198 435
1000.736 436
1001.126 437
1003.248 438
1003.979 439
1004.045 440
1004.426 441
1006.330 442
1006.733 443
1007.368 444
1014.634 445
1015.597 446
1016.170 447
1018.179 448
1019.234 449
1019.256 450
1019.869 451
1022.975 452
1022.979 453
1031.390 454
1037.592 455
1044.230 456
1048.115 457
1053.264 458
1054.427 459
1055.090 460
1055.093 461
1055.104 462
1055.109 463
1055.112 464
1055.113 465
1055.117 466
1055.119 467
1055.119 468
1055.121 469
1055.125 470
1055.125 471
1055.127 472
1055.128 473
1055.131 474
1055.134 475
1055.134 476
1055.135 477
1055.135 478
1055.137 479
1055.138 480
1055.139 481
1055.140 482
1055.140 483
1055.141 484
1055.143 485
1055.144 486
1055.144 487
1055.145 488
1055.145 489
1055.146 490
1055.149 491
1055.150 492
1055.151 493
1055.152 494
1055.153 495
1055.153 496
1055.154 497
1055.154 498
1055.155 499
1055.156 500
1055.157 501
1055.159 502
1055.160 503
1055.161 504
1055.162 505
1055.163 506
1055.164 507
1055.166 508
1055.166 509
1055.167 510
1055.168 511
1055.168 512
1055.169 513
1055.170 514
1055.171 515
1055.171 516
1055.171 517
1055.173 518
1055.174 519
1055.176 520
1055.177 521
1055.178 522
1055.179 523
1055.179 524
1055.181 525
1055.182 526
1055.182 527
1055.184 528
1055.185 529
1055.187 530
1055.188 531
1055.188 532
1055.189 533
1055.189 534
1055.191 535
1055.193 536
1055.195 537
1055.196 538
1055.197 539
1055.197 540
1055.197 541
1055.198 542
1055.198 543
1055.200 544
1055.200 545
1055.201 546
1055.202 547
1055.202 548
1055.204 549
1055.206 550
1055.207 551
1055.207 552
1055.209 553
1055.212 554
1055.212 555
1055.214 556
1055.217 557
1055.220 558
1055.222 559
1055.222 560
1055.223 561
1055.225 562
1055.227 563
1055.228 564
1055.229 565
1055.230 566
1055.231 567
1055.231 568
1055.232 569
1055.238 570
1055.239 571
1055.242 572
1055.242 573
1055.243 574
1055.246 575
1055.250 576
1055.253 577
1055.254 578
1055.254 579
1055.254 580
1055.257 581
1055.261 582
1055.262 583
1055.267 584
1055.268 585
1055.268 586
1055.269 587
1055.270 588
1055.270 589
1055.273 590
1055.273 591
1055.276 592
1055.277 593
1055.281 594
1055.282 595
1055.284 596
1055.286 597
1055.287 598
1055.293 599
1055.295 600
1055.298 601
1055.309 602
1055.309 603
1055.311 604
1055.312 605
1055.313 606
1055.314 607
1055.315 608
1055.316 609
1055.317 610
1055.319 611
1055.324 612
1055.328 613
1055.329 614
1055.331 615
1055.332 616
1055.334 617
1055.344 618
1055.346 619
1055.348 620
1055.349 621
1055.353 622
1055.361 623
1055.367 624
1055.376 625
1055.379 626
1055.390 627
1055.393 628
1055.394 629
1055.396 630
1055.397 631
1055.397 632
1055.405 633
1055.409 634
1055.412 635
1055.415 636
1055.418 637
1055.427 638
1055.430 639
1055.447 640
1055.453 641
1055.453 642
1055.457 643
1055.470 644
1055.473 645
1055.475 646
1055.490 647
1055.490 648
1055.493 649
1055.500 650
1055.505 651
1055.516 652
1055.517 653
1055.528 654
1055.550 655
1055.560 656
1055.584 657
1055.603 658
1055.615 659
1055.637 660
1055.663 661
1055.668 662
1055.730 663
1055.771 664
1055.786 665
1055.851 666
1055.989 667
1061.182 668
1061.465 669
1061.602 670
1061.633 671
1061.719 672
1061.855 673
1061.862 674
1061.922 675
1061.944 676
1062.053 677
1062.160 678
1062.322 679
1062.390 680
1062.634 681
1063.264 682
1063.807 683
1064.968 684
1066.535 685
1066.953 686
1067.326 687
1067.878 688
1068.469 689
1068.949 690
1072.204 691
1072.572 692
1072.980 693
1072.996 694
1073.393 695
1073.404 696
1073.512 697
1073.847 698
1075.170 699
1075.215 700
1075.346 701
1075.406 702
1075.412 703
1075.440 704
1075.544 705
1075.544 706
1076.028 707
1076.082 708
1076.478 709
1077.146 710
1077.631 711
1077.788 712
1078.430 713
1079.018 714
1079.414 715
1081.230 716
1081.639 717
1082.077 718
1082.694 719
1083.752 720
1085.218 721
1085.223 722
1086.065 723
1087.407 724
1088.271 725
1090.962 726
1091.424 727
1091.896 728
1092.146 729
1092.509 730
1092.884 731
1092.908 732
1094.590 733
1094.854 734
1095.161 735
1095.867 736
1097.675 737
1104.564 738
1105.201 739
1108.769 740
1115.705 741
1115.954 742
1120.722 743
1121.702 744
1125.417 745
1134.205 746
1142.690 747
1144.605 748
1145.479 749
1146.479 750
1147.385 751
1148.193 752
1148.984 753
1149.209 754
1149.215 755
1149.788 756
1150.621 757
1151.459 758
1151.853 759
1151.856 760
1153.215 761
1153.409 762
1153.682 763
1154.087 764
1154.649 765
1156.288 766
1157.005 767
1157.029 768
1157.149 769
1157.334 770
1157.429 771
1157.465 772
1157.472 773
1157.557 774
1157.891 775
1158.003 776
1158.005 777
1158.340 778
1158.572 779
1158.980 780
1158.980 781
1159.217 782
1159.301 783
1159.385 784
1159.755 785
1159.790 786
1159.882 787
1160.181 788
1160.372 789
1160.452 790
1161.481 791
1161.573 792
1161.977 793
1163.678 794
1164.404 795
1170.143 796
1172.518 797
1229.180 798
1229.180 799
1229.462 800
1266.492 801
1308.294 802
1308.301 803
1315.297 804
1319.720 805
1322.807 806
1350.114 807
1374.879 808
1375.185 809
1375.187 810
1386.678 811
1407.152 812
1407.153 813
1407.153 814
1407.158 815
1410.083 816
1410.458 817
1453.387 818
1455.982 819
1456.015 820
1460.486 821
1504.647 822
1505.295 823
1506.545 824
1510.208 825
1510.250 826
1527.634 827
1530.184 828
1557.118 829
1558.249 830
1558.480 831
1558.486 832
1559.877 833
1560.758 834
1560.767 835
1561.278 836
1561.327 837
1561.328 838
1561.333 839
1561.336 840
1561.338 841
1561.340 842
1561.341 843
1561.342 844
1561.345 845
1561.348 846
1561.351 847
1561.355 848
1561.355 849
1561.369 850
1561.372 851
1561.377 852
1561.379 853
1561.389 854
1561.394 855
1561.399 856
1561.404 857
1561.407 858
1561.416 859
1561.422 860
1561.427 861
1561.427 862
1561.430 863
1561.431 864
1561.432 865
1561.434 866
1561.437 867
1561.439 868
1561.440 869
1561.441 870
1561.441 871
1561.441 872
1561.443 873
1561.446 874
1561.448 875
1561.451 876
1561.451 877
1561.456 878
1561.460 879
1561.461 880
1561.461 881
1561.462 882
1561.462 883
1561.463 884
1561.465 885
1561.468 886
1561.469 887
1561.471 888
1561.471 889
1561.472 890
1561.474 891
1561.476 892
1561.476 893
1561.478 894
1561.479 895
1561.480 896
1561.483 897
1561.483 898
1561.484 899
1561.485 900
1561.487 901
1561.487 902
1561.489 903
1561.490 904
1561.491 905
1561.493 906
1561.493 907
1561.493 908
1561.494 909
1561.494 910
1561.495 911
1561.495 912
1561.496 913
1561.496 914
1561.497 915
1561.498 916
1561.499 917
1561.500 918
1561.500 919
1561.501 920
1561.501 921
1561.502 922
1561.502 923
1561.502 924
1561.503 925
1561.503 926
1561.505 927
1561.505 928
1561.506 929
1561.507 930
1561.507 931
1561.509 932
1561.509 933
1561.510 934
1561.511 935
1561.511 936
1561.513 937
1561.514 938
1561.514 939
1561.515 940
1561.516 941
1561.516 942
1561.518 943
1561.519 944
1561.520 945
1561.520 946
1561.521 947
1561.521 948
1561.522 949
1561.522 950
1561.523 951
1561.523 952
1561.525 953
1561.527 954
1561.528 955
1561.528 956
1561.529 957
1561.529 958
1561.529 959
1561.530 960
1561.531 961
1561.531 962
1561.531 963
1561.532 964
1561.532 965
1561.533 966
1561.533 967
1561.533 968
1561.535 969
1561.536 970
1561.536 971
1561.537 972
1561.537 973
1561.539 974
1561.540 975
1561.542 976
1561.542 977
1561.544 978
1561.544 979
1561.545 980
1561.546 981
1561.547 982
1561.547 983
1561.548 984
1561.549 985
1561.550 986
1561.550 987
1561.551 988
1561.553 989
1561.553 990
1561.554 991
1561.555 992
1561.556 993
1561.557 994
1561.557 995
1561.558 996
1561.558 997
1561.560 998
1561.561 999
1561.561 1000
1561.562 1001
1561.563 1002
1561.565 1003
1561.566 1004
1561.566 1005
1561.567 1006
1561.568 1007
1561.569 1008
1561.570 1009
1561.570 1010
1561.571 1011
1561.572 1012
1561.572 1013
1561.572 1014
1561.574 1015
1561.576 1016
1561.577 1017
1561.577 1018
1561.578 1019
1561.579 1020
1561.580 1021
1561.583 1022
1561.583 1023
1561.584 1024
1561.584 1025
1561.586 1026
1561.587 1027
1561.588 1028
1561.588 1029
1561.589 1030
1561.590 1031
1561.591 1032
1561.591 1033
1561.592 1034
1561.592 1035
1561.593 1036
1561.593 1037
1561.594 1038
1561.594 1039
1561.596 1040
1561.598 1041
1561.598 1042
1561.598 1043
1561.598 1044
1561.599 1045
1561.599 1046
1561.600 1047
1561.601 1048
1561.602 1049
1561.603 1050
1561.603 1051
1561.603 1052
1561.604 1053
1561.607 1054
1561.608 1055
1561.609 1056
1561.610 1057
1561.610 1058
1561.611 1059
1561.612 1060
1561.612 1061
1561.613 1062
1561.614 1063
1561.615 1064
1561.616 1065
1561.617 1066
1561.617 1067
1561.618 1068
1561.618 1069
1561.619 1070
1561.619 1071
1561.621 1072
1561.623 1073
1561.623 1074
1561.623 1075
1561.624 1076
1561.625 1077
1561.625 1078
1561.625 1079
1561.625 1080
1561.626 1081
1561.626 1082
1561.627 1083
1561.628 1084
1561.628 1085
1561.629 1086
1561.630 1087
1561.631 1088
1561.631 1089
1561.633 1090
1561.633 1091
1561.634 1092
1561.634 1093
1561.635 1094
1561.635 1095
1561.636 1096
1561.636 1097
1561.637 1098
1561.637 1099
1561.639 1100
1561.641 1101
1561.641 1102
1561.642 1103
1561.643 1104
1561.643 1105
1561.644 1106
1561.645 1107
1561.646 1108
1561.646 1109
1561.647 1110
1561.647 1111
1561.647 1112
1561.648 1113
1561.648 1114
1561.648 1115
1561.649 1116
1561.649 1117
1561.650 1118
1561.650 1119
1561.651 1120
1561.652 1121
1561.653 1122
1561.653 1123
1561.653 1124
1561.653 1125
1561.654 1126
1561.654 1127
1561.655 1128
1561.655 1129
1561.656 1130
1561.656 1131
1561.657 1132
1561.657 1133
1561.658 1134
1561.658 1135
1561.659 1136
1561.659 1137
1561.660 1138
1561.660 1139
1561.661 1140
1561.661 1141
1561.662 1142
1561.663 1143
1561.663 1144
1561.663 1145
1561.664 1146
1561.665 1147
1561.665 1148
1561.666 1149
1561.667 1150
1561.668 1151
1561.668 1152
1561.668 1153
1561.668 1154
1561.669 1155
1561.669 1156
1561.670 1157
1561.670 1158
1561.671 1159
1561.671 1160
1561.671 1161
1561.672 1162
1561.672 1163
1561.672 1164
1561.672 1165
1561.672 1166
1561.672 1167
1561.673 1168
1561.674 1169
1561.674 1170
1561.675 1171
1561.675 1172
1561.675 1173
1561.675 1174
1561.677 1175
1561.677 1176
1561.678 1177
1561.680 1178
1561.681 1179
1561.681 1180
1561.682 1181
1561.683 1182
1561.683 1183
1561.683 1184
1561.683 1185
1561.683 1186
1561.684 1187
1561.685 1188
1561.685 1189
1561.686 1190
1561.687 1191
1561.688 1192
1561.689 1193
1561.690 1194
1561.690 1195
1561.690 1196
1561.691 1197
1561.691 1198
1561.691 1199
1561.692 1200
1561.693 1201
1561.693 1202
1561.693 1203
1561.694 1204
1561.695 1205
1561.695 1206
1561.696 1207
1561.696 1208
1561.697 1209
1561.698 1210
1561.698 1211
1561.699 1212
1561.700 1213
1561.700 1214
1561.700 1215
1561.700 1216
1561.701 1217
1561.702 1218
1561.702 1219
1561.703 1220
1561.703 1221
1561.704 1222
1561.704 1223
1561.704 1224
1561.705 1225
1561.706 1226
1561.707 1227
1561.708 1228
1561.708 1229
1561.708 1230
1561.709 1231
1561.709 1232
1561.710 1233
1561.710 1234
1561.711 1235
1561.711 1236
1561.712 1237
1561.713 1238
1561.713 1239
1561.714 1240
1561.717 1241
1561.718 1242
1561.718 1243
1561.719 1244
1561.720 1245
1561.720 1246
1561.720 1247
1561.720 1248
1561.721 1249
1561.721 1250
1561.722 1251
1561.723 1252
1561.723 1253
1561.724 1254
1561.724 1255
1561.725 1256
1561.725 1257
1561.726 1258
1561.726 1259
1561.727 1260
1561.727 1261
1561.727 1262
1561.728 1263
1561.728 1264
1561.728 1265
1561.729 1266
1561.729 1267
1561.729 1268
1561.730 1269
1561.732 1270
1561.732 1271
1561.732 1272
1561.733 1273
1561.734 1274
1561.735 1275
1561.735 1276
1561.736 1277
1561.737 1278
1561.737 1279
1561.737 1280
1561.738 1281
1561.738 1282
1561.740 1283
1561.740 1284
1561.741 1285
1561.741 1286
1561.741 1287
1561.742 1288
1561.744 1289
1561.744 1290
1561.745 1291
1561.746 1292
1561.746 1293
1561.747 1294
1561.748 1295
1561.748 1296
1561.750 1297
1561.750 1298
1561.750 1299
1561.751 1300
1561.751 1301
1561.753 1302
1561.753 1303
1561.755 1304
1561.756 1305
1561.756 1306
1561.757 1307
1561.757 1308
1561.757 1309
1561.758 1310
1561.759 1311
1561.760 1312
1561.761 1313
1561.761 1314
1561.762 1315
1561.762 1316
1561.763 1317
1561.763 1318
1561.763 1319
1561.763 1320
1561.764 1321
1561.764 1322
1561.764 1323
1561.765 1324
1561.765 1325
1561.765 1326
1561.766 1327
1561.766 1328
1561.767 1329
1561.768 1330
1561.768 1331
1561.769 1332
1561.769 1333
1561.769 1334
1561.770 1335
1561.770 1336
1561.770 1337
1561.771 1338
1561.771 1339
1561.772 1340
1561.773 1341
1561.773 1342
1561.774 1343
1561.774 1344
1561.775 1345
1561.775 1346
1561.776 1347
1561.776 1348
1561.777 1349
1561.778 1350
1561.778 1351
1561.779 1352
1561.780 1353
1561.780 1354
1561.781 1355
1561.781 1356
1561.781 1357
1561.782 1358
1561.782 1359
1561.784 1360
1561.784 1361
1561.785 1362
1561.785 1363
1561.786 1364
1561.787 1365
1561.787 1366
1561.787 1367
1561.788 1368
1561.789 1369
1561.789 1370
1561.790 1371
1561.791 1372
1561.791 1373
1561.792 1374
1561.792 1375
1561.794 1376
1561.794 1377
1561.795 1378
1561.796 1379
1561.796 1380
1561.797 1381
1561.797 1382
1561.797 1383
1561.798 1384
1561.799 1385
1561.799 1386
1561.800 1387
1561.800 1388
1561.801 1389
1561.801 1390
1561.801 1391
1561.802 1392
1561.802 1393
1561.803 1394
1561.803 1395
1561.805 1396
1561.805 1397
1561.805 1398
1561.806 1399
1561.806 1400
1561.806 1401
1561.806 1402
1561.808 1403
1561.809 1404
1561.810 1405
1561.810 1406
1561.811 1407
1561.812 1408
1561.813 1409
1561.813 1410
1561.814 1411
1561.814 1412
1561.815 1413
1561.816 1414
1561.817 1415
1561.817 1416
1561.817 1417
1561.819 1418
1561.819 1419
1561.820 1420
1561.820 1421
1561.821 1422
1561.821 1423
1561.822 1424
1561.822 1425
1561.822 1426
1561.823 1427
1561.824 1428
1561.824 1429
1561.824 1430
1561.825 1431
1561.825 1432
1561.827 1433
1561.828 1434
1561.829 1435
1561.829 1436
1561.829 1437
1561.829 1438
1561.830 1439
1561.831 1440
1561.831 1441
1561.831 1442
1561.832 1443
1561.832 1444
1561.832 1445
1561.833 1446
1561.833 1447
1561.833 1448
1561.834 1449
1561.835 1450
1561.835 1451
1561.836 1452
1561.836 1453
1561.836 1454
1561.837 1455
1561.837 1456
1561.838 1457
1561.838 1458
1561.838 1459
1561.839 1460
1561.839 1461
1561.840 1462
1561.841 1463
1561.841 1464
1561.844 1465
1561.844 1466
1561.844 1467
1561.845 1468
1561.846 1469
1561.846 1470
1561.847 1471
1561.848 1472
1561.850 1473
1561.851 1474
1561.852 1475
1561.853 1476
1561.854 1477
1561.855 1478
1561.856 1479
1561.856 1480
1561.856 1481
1561.857 1482
1561.857 1483
1561.858 1484
1561.858 1485
1561.858 1486
1561.859 1487
1561.859 1488
1561.859 1489
1561.859 1490
1561.860 1491
1561.860 1492
1561.860 1493
1561.861 1494
1561.862 1495
1561.862 1496
1561.862 1497
1561.863 1498
1561.864 1499
1561.864 1500
1561.865 1501
1561.865 1502
1561.865 1503
1561.866 1504
1561.867 1505
1561.867 1506
1561.867 1507
1561.868 1508
1561.869 1509
1561.869 1510
1561.869 1511
1561.870 1512
1561.870 1513
1561.870 1514
1561.871 1515
1561.871 1516
1561.871 1517
1561.871 1518
1561.872 1519
1561.872 1520
1561.873 1521
1561.873 1522
1561.874 1523
1561.874 1524
1561.874 1525
1561.875 1526
1561.875 1527
1561.876 1528
1561.876 1529
1561.876 1530
1561.877 1531
1561.877 1532
1561.877 1533
1561.877 1534
1561.877 1535
1561.878 1536
1561.878 1537
1561.878 1538
1561.879 1539
1561.879 1540
1561.880 1541
1561.880 1542
1561.880 1543
1561.881 1544
1561.881 1545
1561.881 1546
1561.881 1547
1561.882 1548
1561.882 1549
1561.882 1550
1561.882 1551
1561.883 1552
1561.883 1553
1561.883 1554
1561.884 1555
1561.884 1556
1561.884 1557
1561.885 1558
1561.885 1559
1561.885 1560
1561.887 1561
1561.887 1562
1561.887 1563
1561.888 1564
1561.888 1565
1561.888 1566
1561.888 1567
1561.889 1568
1561.889 1569
1561.890 1570
1561.890 1571
1561.890 1572
1561.890 1573
1561.891 1574
1561.892 1575
1561.892 1576
1561.893 1577
1561.893 1578
1561.893 1579
1561.893 1580
1561.894 1581
1561.894 1582
1561.894 1583
1561.895 1584
1561.895 1585
1561.896 1586
1561.896 1587
1561.897 1588
1561.897 1589
1561.897 1590
1561.898 1591
1561.899 1592
1561.899 1593
1561.899 1594
1561.900 1595
1561.900 1596
1561.901 1597
1561.901 1598
1561.902 1599
1561.902 1600
1561.902 1601
1561.903 1602
1561.903 1603
1561.903 1604
1561.903 1605
1561.903 1606
1561.904 1607
1561.905 1608
1561.905 1609
1561.905 1610
1561.906 1611
1561.907 1612
1561.907 1613
1561.907 1614
1561.907 1615
1561.908 1616
1561.908 1617
1561.909 1618
1561.909 1619
1561.910 1620
1561.910 1621
1561.910 1622
1561.911 1623
1561.911 1624
1561.913 1625
1561.913 1626
1561.913 1627
1561.914 1628
1561.915 1629
1561.915 1630
1561.915 1631
1561.916 1632
1561.916 1633
1561.916 1634
1561.916 1635
1561.916 1636
1561.917 1637
1561.917 1638
1561.917 1639
1561.918 1640
1561.918 1641
1561.918 1642
1561.919 1643
1561.920 1644
1561.920 1645
1561.922 1646
1561.922 1647
1561.923 1648
1561.923 1649
1561.924 1650
1561.925 1651
1561.925 1652
1561.926 1653
1561.926 1654
1561.926 1655
1561.927 1656
1561.927 1657
1561.928 1658
1561.928 1659
1561.928 1660
1561.929 1661
1561.929 1662
1561.929 1663
1561.929 1664
1561.930 1665
1561.930 1666
1561.930 1667
1561.932 1668
1561.932 1669
1561.933 1670
1561.933 1671
1561.934 1672
1561.935 1673
1561.936 1674
1561.936 1675
1561.936 1676
1561.937 1677
1561.938 1678
1561.938 1679
1561.939 1680
1561.939 1681
1561.939 1682
1561.940 1683
1561.941 1684
1561.942 1685
1561.942 1686
1561.942 1687
1561.943 1688
1561.943 1689
1561.943 1690
1561.944 1691
1561.945 1692
1561.946 1693
1561.947 1694
1561.948 1695
1561.948 1696
1561.948 1697
1561.949 1698
1561.950 1699
1561.951 1700
1561.951 1701
1561.952 1702
1561.952 1703
1561.953 1704
1561.953 1705
1561.953 1706
1561.954 1707
1561.954 1708
1561.954 1709
1561.955 1710
1561.955 1711
1561.956 1712
1561.957 1713
1561.957 1714
1561.957 1715
1561.957 1716
1561.957 1717
1561.958 1718
1561.958 1719
1561.959 1720
1561.959 1721
1561.960 1722
1561.960 1723
1561.960 1724
1561.961 1725
1561.961 1726
1561.964 1727
1561.964 1728
1561.964 1729
1561.965 1730
1561.966 1731
1561.966 1732
1561.966 1733
1561.967 1734
1561.968 1735
1561.970 1736
1561.970 1737
1561.971 1738
1561.971 1739
1561.972 1740
1561.972 1741
1561.972 1742
1561.973 1743
1561.973 1744
1561.973 1745
1561.974 1746
1561.974 1747
1561.975 1748
1561.975 1749
1561.975 1750
1561.976 1751
1561.977 1752
1561.977 1753
1561.978 1754
1561.978 1755
1561.979 1756
1561.980 1757
1561.980 1758
1561.981 1759
1561.981 1760
1561.981 1761
1561.983 1762
1561.983 1763
1561.984 1764
1561.985 1765
1561.986 1766
1561.987 1767
1561.987 1768
1561.988 1769
1561.988 1770
1561.989 1771
1561.990 1772
1561.990 1773
1561.991 1774
1561.992 1775
1561.992 1776
1561.992 1777
1561.992 1778
1561.992 1779
1561.993 1780
1561.993 1781
1561.994 1782
1561.995 1783
1561.996 1784
1561.996 1785
1561.997 1786
1561.997 1787
1561.998 1788
1561.998 1789
1561.998 1790
1561.999 1791
1561.999 1792
1562.000 1793
1562.001 1794
1562.002 1795
1562.002 1796
1562.003 1797
1562.003 1798
1562.003 1799
1562.004 1800
1562.006 1801
1562.006 1802
1562.007 1803
1562.008 1804
1562.009 1805
1562.009 1806
1562.009 1807
1562.010 1808
1562.012 1809
1562.012 1810
1562.015 1811
1562.015 1812
1562.015 1813
1562.016 1814
1562.016 1815
1562.017 1816
1562.017 1817
1562.017 1818
1562.019 1819
1562.019 1820
1562.020 1821
1562.020 1822
1562.021 1823
1562.022 1824
1562.022 1825
1562.022 1826
1562.024 1827
1562.024 1828
1562.025 1829
1562.026 1830
1562.026 1831
1562.027 1832
1562.028 1833
1562.029 1834
1562.030 1835
1562.031 1836
1562.031 1837
1562.033 1838
1562.036 1839
1562.037 1840
1562.037 1841
1562.039 1842
1562.039 1843
1562.040 1844
1562.041 1845
1562.042 1846
1562.043 1847
1562.044 1848
1562.045 1849
1562.045 1850
1562.045 1851
1562.046 1852
1562.048 1853
1562.049 1854
1562.051 1855
1562.053 1856
1562.053 1857
1562.053 1858
1562.054 1859
1562.055 1860
1562.055 1861
1562.056 1862
1562.057 1863
1562.060 1864
1562.061 1865
1562.061 1866
1562.062 1867
1562.062 1868
1562.063 1869
1562.064 1870
1562.064 1871
1562.064 1872
1562.065 1873
1562.066 1874
1562.069 1875
1562.069 1876
1562.070 1877
1562.070 1878
1562.070 1879
1562.070 1880
1562.071 1881
1562.072 1882
1562.073 1883
1562.074 1884
1562.076 1885
1562.077 1886
1562.078 1887
1562.078 1888
1562.078 1889
1562.079 1890
1562.079 1891
1562.079 1892
1562.079 1893
1562.079 1894
1562.081 1895
1562.082 1896
1562.083 1897
1562.083 1898
1562.083 1899
1562.083 1900
1562.084 1901
1562.085 1902
1562.085 1903
1562.085 1904
1562.086 1905
1562.087 1906
1562.088 1907
1562.088 1908
1562.089 1909
1562.089 1910
1562.089 1911
1562.090 1912
1562.090 1913
1562.090 1914
1562.091 1915
1562.091 1916
1562.091 1917
1562.091 1918
1562.092 1919
1562.093 1920
1562.093 1921
1562.093 1922
1562.094 1923
1562.094 1924
1562.096 1925
1562.096 1926
1562.097 1927
1562.098 1928
1562.098 1929
1562.100 1930
1562.100 1931
1562.102 1932
1562.102 1933
1562.102 1934
1562.103 1935
1562.104 1936
1562.104 1937
1562.104 1938
1562.104 1939
1562.106 1940
1562.107 1941
1562.107 1942
1562.107 1943
1562.107 1944
1562.109 1945
1562.110 1946
1562.111 1947
1562.111 1948
1562.112 1949
1562.113 1950
1562.113 1951
1562.114 1952
1562.114 1953
1562.114 1954
1562.115 1955
1562.115 1956
1562.115 1957
1562.115 1958
1562.116 1959
1562.116 1960
1562.117 1961
1562.117 1962
1562.117 1963
1562.118 1964
1562.119 1965
1562.119 1966
1562.121 1967
1562.121 1968
1562.121 1969
1562.124 1970
1562.124 1971
1562.125 1972
1562.125 1973
1562.128 1974
1562.128 1975
1562.129 1976
1562.130 1977
1562.132 1978
1562.132 1979
1562.133 1980
1562.136 1981
1562.136 1982
1562.137 1983
1562.137 1984
1562.141 1985
1562.145 1986
1562.151 1987
1562.151 1988
1562.153 1989
1562.153 1990
1562.153 1991
1562.157 1992
1562.159 1993
1562.160 1994
1562.163 1995
1562.166 1996
1562.168 1997
1562.168 1998
1562.169 1999
1562.170 2000
1562.170 2001
1562.172 2002
1562.175 2003
1562.175 2004
1562.179 2005
1562.181 2006
1562.182 2007
1562.183 2008
1562.184 2009
1562.186 2010
1562.188 2011
1562.190 2012
1562.193 2013
1562.194 2014
1562.195 2015
1562.198 2016
1562.199 2017
1562.204 2018
1562.206 2019
1562.206 2020
1562.211 2021
1562.213 2022
1562.220 2023
1562.221 2024
1562.224 2025
1562.226 2026
1562.226 2027
1562.228 2028
1562.229 2029
1562.231 2030
1562.232 2031
1562.232 2032
1562.234 2033
1562.235 2034
1562.237 2035
1562.241 2036
1562.245 2037
1562.247 2038
1562.249 2039
1562.250 2040
1562.250 2041
1562.255 2042
1562.257 2043
1562.258 2044
1562.261 2045
1562.263 2046
1562.266 2047
1562.268 2048
1562.269 2049
1562.270 2050
1562.271 2051
1562.272 2052
1562.275 2053
1562.277 2054
1562.278 2055
1562.279 2056
1562.282 2057
1562.283 2058
1562.287 2059
1562.288 2060
1562.288 2061
1562.289 2062
1562.295 2063
1562.295 2064
1562.297 2065
1562.299 2066
1562.299 2067
1562.302 2068
1562.307 2069
1562.308 2070
1562.311 2071
1562.312 2072
1562.313 2073
1562.314 2074
1562.315 2075
1562.315 2076
1562.318 2077
1562.321 2078
1562.321 2079
1562.322 2080
1562.323 2081
1562.323 2082
1562.323 2083
1562.330 2084
1562.331 2085
1562.331 2086
1562.332 2087
1562.333 2088
1562.335 2089
1562.336 2090
1562.337 2091
1562.339 2092
1562.341 2093
1562.345 2094
1562.345 2095
1562.346 2096
1562.346 2097
1562.347 2098
1562.349 2099
1562.350 2100
1562.357 2101
1562.357 2102
1562.358 2103
1562.361 2104
1562.363 2105
1562.365 2106
1562.367 2107
1562.368 2108
1562.369 2109
1562.371 2110
1562.372 2111
1562.373 2112
1562.377 2113
1562.378 2114
1562.379 2115
1562.379 2116
1562.382 2117
1562.382 2118
1562.383 2119
1562.386 2120
1562.386 2121
1562.387 2122
1562.388 2123
1562.389 2124
1562.390 2125
1562.392 2126
1562.394 2127
1562.395 2128
1562.395 2129
1562.396 2130
1562.396 2131
1562.397 2132
1562.399 2133
1562.401 2134
1562.404 2135
1562.409 2136
1562.410 2137
1562.410 2138
1562.411 2139
1562.411 2140
1562.412 2141
1562.414 2142
1562.414 2143
1562.415 2144
1562.415 2145
1562.418 2146
1562.422 2147
1562.426 2148
1562.427 2149
1562.428 2150
1562.430 2151
1562.430 2152
1562.431 2153
1562.432 2154
1562.434 2155
1562.435 2156
1562.436 2157
1562.437 2158
1562.438 2159
1562.440 2160
1562.445 2161
1562.445 2162
1562.446 2163
1562.447 2164
1562.448 2165
1562.449 2166
1562.451 2167
1562.452 2168
1562.452 2169
1562.455 2170
1562.455 2171
1562.456 2172
1562.459 2173
1562.461 2174
1562.462 2175
1562.462 2176
1562.463 2177
1562.465 2178
1562.468 2179
1562.470 2180
1562.470 2181
1562.474 2182
1562.475 2183
1562.478 2184
1562.479 2185
1562.479 2186
1562.482 2187
1562.483 2188
1562.484 2189
1562.486 2190
1562.488 2191
1562.489 2192
1562.491 2193
1562.492 2194
1562.492 2195
1562.492 2196
1562.493 2197
1562.495 2198
1562.496 2199
1562.496 2200
1562.497 2201
1562.501 2202
1562.501 2203
1562.505 2204
1562.507 2205
1562.507 2206
1562.508 2207
1562.509 2208
1562.509 2209
1562.511 2210
1562.513 2211
1562.514 2212
1562.516 2213
1562.520 2214
1562.520 2215
1562.522 2216
1562.524 2217
1562.528 2218
1562.530 2219
1562.534 2220
1562.535 2221
1562.537 2222
1562.537 2223
1562.538 2224
1562.540 2225
1562.542 2226
1562.543 2227
1562.544 2228
1562.546 2229
1562.548 2230
1562.550 2231
1562.551 2232
1562.551 2233
1562.552 2234
1562.553 2235
1562.560 2236
1562.566 2237
1562.566 2238
1562.567 2239
1562.568 2240
1562.572 2241
1562.572 2242
1562.573 2243
1562.576 2244
1562.578 2245
1562.578 2246
1562.582 2247
1562.586 2248
1562.586 2249
1562.587 2250
1562.587 2251
1562.588 2252
1562.591 2253
1562.593 2254
1562.594 2255
1562.595 2256
1562.599 2257
1562.600 2258
1562.602 2259
1562.603 2260
1562.603 2261
1562.606 2262
1562.608 2263
1562.616 2264
1562.616 2265
1562.625 2266
1562.629 2267
1562.630 2268
1562.632 2269
1562.633 2270
1562.639 2271
1562.643 2272
1562.643 2273
1562.644 2274
1562.652 2275
1562.652 2276
1562.652 2277
1562.658 2278
1562.660 2279
1562.664 2280
1562.665 2281
1562.668 2282
1562.668 2283
1562.668 2284
1562.671 2285
1562.672 2286
1562.672 2287
1562.674 2288
1562.680 2289
1562.682 2290
1562.685 2291
1562.686 2292
1562.688 2293
1562.698 2294
1562.701 2295
1562.702 2296
1562.711 2297
1562.721 2298
1562.723 2299
1562.733 2300
1562.739 2301
1562.744 2302
1562.752 2303
1562.753 2304
1562.753 2305
1562.771 2306
1562.775 2307
1562.781 2308
1562.785 2309
1562.787 2310
1562.788 2311
1562.791 2312
1562.794 2313
1562.797 2314
1562.797 2315
1562.800 2316
1562.804 2317
1562.805 2318
1562.806 2319
1562.807 2320
1562.812 2321
1562.821 2322
1562.825 2323
1562.827 2324
1562.829 2325
1562.838 2326
1562.846 2327
1562.850 2328
1562.850 2329
1562.850 2330
1562.870 2331
1562.874 2332
1562.876 2333
1562.889 2334
1562.894 2335
1562.898 2336
1562.899 2337
1562.912 2338
1562.915 2339
1562.920 2340
1562.925 2341
1562.927 2342
1562.928 2343
1562.944 2344
1562.946 2345
1562.948 2346
1562.958 2347
1562.959 2348
1562.974 2349
1562.977 2350
1562.977 2351
1562.980 2352
1562.995 2353
1562.995 2354
1562.998 2355
1563.001 2356
1563.004 2357
1563.008 2358
1563.008 2359
1563.008 2360
1563.020 2361
1563.031 2362
1563.032 2363
1563.034 2364
1563.034 2365
1563.035 2366
1563.046 2367
1563.060 2368
1563.061 2369
1563.062 2370
1563.063 2371
1563.065 2372
1563.072 2373
1563.076 2374
1563.084 2375
1563.085 2376
1563.086 2377
1563.087 2378
1563.094 2379
1563.096 2380
1563.100 2381
1563.112 2382
1563.121 2383
1563.125 2384
1563.126 2385
1563.128 2386
1563.137 2387
1563.142 2388
1563.147 2389
1563.157 2390
1563.160 2391
1563.163 2392
1563.174 2393
1563.174 2394
1563.177 2395
1563.180 2396
1563.195 2397
1563.202 2398
1563.203 2399
1563.203 2400
1563.217 2401
1563.223 2402
1563.224 2403
1563.238 2404
1563.238 2405
1563.244 2406
1563.245 2407
1563.250 2408
1563.251 2409
1563.256 2410
1563.256 2411
1563.259 2412
1563.260 2413
1563.263 2414
1563.265 2415
1563.270 2416
1563.270 2417
1563.274 2418
1563.285 2419
1563.287 2420
1563.288 2421
1563.297 2422
1563.299 2423
1563.302 2424
1563.307 2425
1563.309 2426
1563.317 2427
1563.325 2428
1563.330 2429
1563.332 2430
1563.347 2431
1563.353 2432
1563.354 2433
1563.358 2434
1563.361 2435
1563.367 2436
1563.377 2437
1563.380 2438
1563.397 2439
1563.398 2440
1563.406 2441
1563.414 2442
1563.423 2443
1563.425 2444
1563.434 2445
1563.437 2446
1563.441 2447
1563.474 2448
1563.492 2449
1563.492 2450
1563.498 2451
1563.500 2452
1563.513 2453
1563.537 2454
1563.538 2455
1563.548 2456
1563.548 2457
1563.575 2458
1563.577 2459
1563.580 2460
1563.593 2461
1563.595 2462
1563.612 2463
1563.617 2464
1563.628 2465
1563.637 2466
1563.658 2467
1563.661 2468
1563.668 2469
1563.723 2470
1563.728 2471
1563.748 2472
1563.751 2473
1563.759 2474
1563.761 2475
1563.767 2476
1563.770 2477
1563.771 2478
1563.780 2479
1563.791 2480
1563.839 2481
1563.855 2482
1563.855 2483
1563.867 2484
1563.870 2485
1563.892 2486
1563.924 2487
1563.924 2488
1563.925 2489
1563.959 2490
1564.009 2491
1564.040 2492
1564.115 2493
1564.116 2494
1564.119 2495
1564.156 2496
1564.198 2497
1564.253 2498
1564.267 2499
1564.322 2500
1564.346 2501
1564.380 2502
1564.399 2503
1564.401 2504
1564.406 2505
1564.424 2506
1564.441 2507
1564.442 2508
1564.468 2509
1564.487 2510
1564.500 2511
1564.527 2512
1564.581 2513
1564.653 2514
1564.709 2515
1564.757 2516
1564.758 2517
1564.768 2518
1564.777 2519
1564.787 2520
1564.811 2521
1564.843 2522
1564.890 2523
1564.915 2524
1564.915 2525
1564.950 2526
1564.952 2527
1564.992 2528
1565.001 2529
1565.026 2530
1565.081 2531
1565.164 2532
1565.200 2533
1565.253 2534
1565.298 2535
1565.342 2536
1565.381 2537
1565.382 2538
1565.393 2539
1565.401 2540
1565.403 2541
1565.408 2542
1565.417 2543
1565.510 2544
1565.518 2545
1565.541 2546
1565.590 2547
1565.597 2548
1565.599 2549
1565.801 2550
1565.857 2551
1565.911 2552
1565.971 2553
