0.000 0
40.013 0
40.013 1
40.431 2
49.377 3
49.384 4
49.391 5
49.484 6
50.138 7
59.223 8
63.932 9
67.126 10
69.071 11
69.343 12
79.159 13
81.975 14
84.057 15
88.638 16
88.689 17
94.082 18
97.835 19
106.553 20
116.005 21
116.823 22
116.846 23
124.481 24
125.468 25
125.721 26
126.271 27
127.784 28
127.890 29
128.346 30
129.869 31
131.045 32
137.237 33
137.968 34
142.013 35
142.149 36
142.205 37
142.509 38
144.516 39
146.108 40
150.318 41
154.728 42
155.080 43
155.283 44
155.421 45
159.781 46
162.373 47
166.999 48
169.519 49
170.240 50
171.123 51
171.973 52
175.691 53
178.465 54
182.426 55
182.742 56
182.745 57
183.022 58
184.401 59
185.453 60
185.483 61
185.662 62
186.187 63
187.367 64
187.512 65
187.619 66
188.044 67
188.652 68
189.225 69
193.497 70
193.932 71
199.275 72
199.343 73
203.892 74
204.204 75
215.910 76
217.926 77
219.964 78
221.902 79
228.831 80
230.047 81
230.248 82
230.284 83
230.354 84
231.368 85
238.641 86
246.079 87
246.426 88
246.580 89
248.070 90
248.179 91
248.226 92
249.223 93
249.555 94
249.628 95
249.892 96
254.131 97
256.520 98
258.392 99
259.765 100
262.641 101
263.634 102
263.779 103
264.648 104
264.699 105
272.439 106
272.461 107
272.532 108
272.799 109
283.549 110
285.239 111
285.311 112
285.571 113
290.509 114
311.660 115
318.955 116
321.695 117
326.769 118
326.947 119
327.042 120
338.414 121
395.865 122
409.587 123
424.313 124
431.503 125
431.537 126
431.643 127
439.601 128
442.890 129
444.329 130
445.607 131
446.209 132
446.822 133
446.971 134
447.167 135
447.508 136
447.907 137
448.412 138
448.412 139
455.220 140
456.115 141
456.115 142
457.133 143
457.739 144
458.135 145
458.381 146
460.656 147
461.598 148
463.348 149
463.550 150
463.928 151
481.862 152
482.656 153
482.832 154
482.892 155
483.787 156
483.885 157
484.004 158
484.027 159
484.051 160
484.807 161
487.851 162
489.840 163
495.928 164
498.845 165
498.849 166
501.816 167
501.956 168
503.537 169
503.538 170
503.700 171
507.728 172
511.401 173
516.593 174
519.269 175
520.737 176
520.801 177
520.834 178
522.906 179
522.973 180
523.001 181
523.065 182
523.096 183
524.374 184
536.906 185
542.649 186
542.921 187
542.924 188
542.970 189
543.634 190
543.733 191
543.793 192
548.788 193
549.708 194
549.964 195
550.427 196
550.929 197
551.359 198
553.600 199
553.697 200
553.855 201
553.855 202
554.287 203
554.679 204
554.986 205
555.037 206
555.074 207
555.148 208
555.667 209
555.818 210
556.538 211
556.672 212
557.410 213
557.569 214
558.001 215
558.489 216
558.494 217
558.876 218
559.495 219
559.571 220
559.657 221
559.892 222
560.046 223
560.446 224
560.889 225
561.114 226
561.256 227
562.211 228
562.827 229
562.995 230
563.149 231
563.167 232
563.319 233
563.487 234
564.153 235
564.443 236
564.600 237
564.822 238
565.030 239
565.167 240
565.324 241
566.025 242
566.093 243
566.103 244
566.132 245
566.269 246
566.351 247
566.553 248
566.565 249
566.672 250
566.880 251
566.889 252
567.025 253
567.273 254
567.384 255
567.384 256
567.610 257
567.653 258
567.789 259
567.846 260
567.874 261
568.028 262
568.376 263
568.865 264
569.279 265
569.301 266
570.108 267
570.108 268
570.157 269
570.381 270
570.757 271
570.844 272
570.968 273
571.896 274
572.098 275
572.099 276
572.219 277
572.425 278
573.060 279
573.728 280
575.607 281
575.896 282
576.045 283
577.005 284
577.069 285
577.337 286
577.669 287
577.731 288
577.753 289
577.832 290
577.844 291
578.423 292
578.423 293
578.782 294
581.030 295
581.462 296
581.491 297
581.740 298
583.932 299
583.992 300
584.040 301
585.283 302
585.942 303
586.289 304
587.252 305
587.832 306
588.152 307
588.183 308
588.193 309
588.321 310
588.342 311
588.451 312
588.896 313
589.355 314
589.394 315
589.464 316
589.624 317
590.008 318
590.026 319
590.201 320
590.332 321
590.421 322
590.426 323
590.432 324
590.454 325
590.491 326
590.567 327
591.245 328
591.252 329
592.098 330
593.890 331
593.921 332
594.325 333
603.616 334
603.800 335
603.848 336
604.738 337
604.742 338
604.772 339
605.311 340
605.355 341
605.627 342
605.799 343
605.885 344
605.950 345
605.997 346
606.055 347
606.071 348
606.176 349
606.240 350
606.402 351
606.651 352
606.850 353
606.896 354
606.933 355
607.120 356
607.260 357
607.340 358
607.787 359
607.932 360
608.241 361
608.338 362
608.573 363
608.635 364
608.721 365
608.785 366
608.821 367
609.336 368
609.543 369
610.164 370
610.232 371
610.296 372
610.393 373
610.399 374
610.507 375
610.616 376
610.837 377
610.839 378
610.917 379
611.938 380
612.096 381
612.320 382
612.517 383
612.565 384
612.643 385
612.830 386
612.970 387
612.979 388
613.092 389
613.121 390
613.122 391
613.136 392
613.137 393
613.206 394
613.429 395
613.856 396
614.062 397
614.075 398
614.176 399
614.216 400
614.228 401
614.326 402
614.357 403
614.363 404
614.416 405
614.419 406
614.431 407
614.437 408
614.519 409
614.520 410
614.539 411
614.586 412
614.598 413
615.006 414
615.401 415
615.467 416
615.481 417
615.494 418
615.762 419
615.775 420
615.849 421
615.904 422
616.088 423
616.255 424
616.751 425
616.865 426
616.980 427
616.990 428
617.053 429
617.075 430
617.295 431
617.340 432
617.405 433
617.418 434
617.611 435
617.741 436
618.092 437
618.104 438
618.602 439
621.830 440
621.900 441
622.577 442
622.771 443
623.711 444
624.308 445
624.473 446
624.656 447
625.132 448
625.476 449
625.477 450
626.158 451
627.749 452
627.759 453
632.933 454
632.961 455
634.557 456
634.796 457
634.845 458
635.283 459
635.727 460
635.780 461
635.781 462
635.865 463
635.870 464
635.912 465
636.055 466
636.082 467
636.098 468
636.118 469
636.138 470
636.203 471
636.262 472
636.277 473
636.501 474
636.548 475
636.632 476
636.674 477
636.761 478
636.973 479
637.129 480
637.133 481
637.155 482
637.175 483
637.264 484
637.321 485
637.326 486
637.327 487
637.361 488
637.367 489
637.373 490
637.376 491
637.376 492
637.382 493
637.384 494
637.427 495
637.754 496
638.294 497
638.304 498
638.309 499
640.295 500
640.626 501
641.319 502
641.924 503
642.213 504
642.263 505
642.301 506
642.578 507
642.918 508
643.315 509
643.860 510
644.844 511
644.860 512
645.157 513
645.217 514
645.760 515
645.886 516
645.991 517
645.999 518
646.178 519
646.234 520
646.313 521
646.340 522
646.379 523
646.385 524
646.419 525
646.421 526
646.456 527
646.468 528
646.472 529
646.579 530
646.683 531
646.729 532
646.798 533
646.922 534
647.105 535
647.254 536
647.280 537
647.334 538
647.693 539
647.930 540
648.038 541
649.951 542
649.962 543
650.590 544
650.744 545
650.866 546
651.058 547
651.076 548
652.908 549
653.546 550
653.762 551
658.483 552
662.099 553
667.186 554
668.561 555
671.317 556
674.008 557
674.043 558
674.100 559
674.367 560
674.517 561
676.518 562
676.575 563
677.005 564
678.938 565
679.115 566
685.367 567
697.384 568
699.607 569
699.785 570
709.145 571
709.150 572
709.150 573
709.151 574
709.169 575
709.196 576
709.247 577
713.210 578
715.105 579
718.494 580
721.261 581
728.107 582
728.578 583
728.848 584
731.293 585
731.617 586
733.132 587
738.520 588
738.865 589
739.316 590
741.379 591
742.330 592
743.645 593
743.651 594
743.695 595
743.794 596
744.442 597
745.846 598
747.820 599
747.979 600
750.041 601
750.063 602
750.073 603
750.092 604
750.118 605
750.209 606
750.232 607
750.235 608
750.264 609
750.275 610
750.288 611
750.331 612
750.685 613
751.889 614
752.129 615
767.787 616
768.031 617
768.032 618
778.231 619
787.921 620
788.205 621
789.658 622
797.403 623
797.824 624
803.887 625
809.292 626
813.802 627
818.706 628
822.885 629
822.968 630
826.791 631
837.402 632
838.021 633
840.211 634
843.122 635
843.575 636
843.763 637
844.003 638
844.210 639
844.211 640
844.429 641
844.654 642
844.654 643
845.245 644
845.245 645
845.484 646
846.003 647
846.173 648
846.536 649
846.964 650
847.298 651
847.347 652
848.509 653
849.944 654
850.316 655
850.634 656
850.912 657
851.238 658
851.451 659
851.771 660
852.151 661
852.151 662
852.361 663
852.732 664
852.778 665
853.228 666
853.228 667
853.706 668
854.072 669
854.624 670
854.673 671
855.305 672
855.306 673
855.311 674
855.879 675
855.963 676
856.215 677
857.546 678
861.181 679
861.309 680
861.486 681
861.674 682
861.874 683
865.487 684
866.291 685
866.304 686
868.419 687
868.851 688
868.986 689
869.034 690
871.560 691
876.657 692
877.831 693
877.975 694
878.496 695
880.016 696
880.019 697
880.337 698
881.216 699
884.709 700
885.157 701
886.297 702
886.963 703
886.996 704
887.066 705
887.265 706
887.322 707
887.378 708
887.404 709
887.482 710
887.483 711
887.576 712
888.098 713
888.101 714
888.101 715
888.119 716
888.132 717
888.159 718
888.167 719
888.233 720
888.327 721
888.382 722
891.477 723
894.608 724
894.855 725
895.441 726
895.479 727
895.911 728
896.786 729
897.199 730
898.526 731
899.925 732
901.115 733
901.149 734
901.217 735
902.385 736
902.976 737
905.113 738
905.132 739
905.132 740
906.181 741
906.295 742
906.298 743
906.313 744
906.318 745
906.776 746
908.461 747
910.427 748
911.123 749
913.433 750
913.435 751
914.222 752
914.309 753
916.623 754
917.350 755
918.303 756
918.381 757
918.479 758
918.500 759
919.253 760
921.064 761
921.091 762
921.113 763
921.161 764
921.169 765
921.188 766
921.198 767
921.350 768
921.359 769
921.455 770
921.590 771
921.595 772
921.675 773
922.594 774
922.811 775
922.812 776
922.813 777
923.021 778
923.060 779
923.060 780
923.235 781
923.353 782
923.369 783
923.463 784
923.478 785
923.501 786
923.501 787
923.516 788
923.517 789
923.539 790
923.539 791
923.548 792
923.583 793
923.600 794
923.727 795
923.755 796
923.758 797
923.775 798
923.780 799
923.781 800
923.785 801
923.792 802
923.803 803
923.804 804
923.805 805
923.818 806
923.829 807
923.831 808
923.850 809
923.861 810
923.876 811
923.915 812
923.960 813
924.003 814
924.004 815
924.028 816
924.212 817
924.238 818
924.239 819
924.239 820
924.254 821
924.270 822
924.271 823
924.275 824
924.305 825
924.421 826
924.554 827
924.697 828
925.115 829
925.144 830
925.146 831
926.397 832
926.397 833
926.687 834
926.748 835
926.752 836
926.900 837
926.939 838
927.155 839
927.181 840
927.245 841
927.272 842
927.285 843
927.349 844
927.737 845
927.830 846
927.955 847
927.966 848
928.015 849
928.015 850
928.040 851
928.062 852
928.066 853
928.072 854
928.076 855
928.155 856
928.244 857
928.244 858
928.262 859
928.284 860
928.418 861
928.439 862
928.451 863
928.499 864
928.603 865
928.691 866
928.730 867
928.743 868
928.754 869
929.354 870
929.360 871
929.375 872
929.508 873
929.518 874
929.565 875
929.588 876
929.616 877
929.720 878
929.749 879
930.021 880
930.127 881
930.166 882
930.241 883
930.242 884
930.244 885
930.368 886
930.566 887
930.809 888
931.019 889
931.031 890
931.034 891
931.111 892
931.158 893
931.288 894
931.922 895
931.964 896
932.069 897
932.070 898
932.091 899
932.150 900
932.278 901
932.280 902
932.283 903
932.294 904
932.327 905
932.328 906
932.420 907
932.420 908
932.479 909
932.481 910
932.499 911
932.560 912
932.585 913
932.730 914
932.735 915
932.745 916
932.746 917
932.750 918
933.025 919
933.036 920
933.161 921
933.191 922
933.193 923
933.199 924
933.200 925
933.209 926
933.257 927
933.284 928
933.348 929
933.480 930
933.515 931
933.701 932
933.701 933
933.728 934
933.832 935
933.979 936
933.979 937
934.193 938
934.199 939
934.201 940
934.332 941
934.333 942
934.343 943
934.344 944
934.345 945
934.379 946
934.395 947
934.423 948
934.511 949
934.629 950
934.641 951
934.651 952
934.755 953
934.766 954
934.795 955
934.800 956
934.809 957
934.820 958
934.863 959
934.864 960
935.332 961
935.517 962
935.836 963
935.857 964
936.288 965
936.298 966
936.302 967
936.320 968
936.563 969
936.725 970
937.064 971
937.366 972
937.508 973
937.545 974
937.786 975
937.885 976
937.903 977
937.961 978
937.973 979
937.998 980
938.081 981
938.146 982
938.153 983
938.156 984
938.183 985
938.342 986
938.369 987
938.433 988
938.489 989
938.694 990
938.776 991
938.789 992
938.793 993
938.799 994
938.843 995
939.404 996
939.455 997
939.537 998
939.577 999
939.584 1000
939.586 1001
939.606 1002
939.612 1003
939.616 1004
939.694 1005
939.696 1006
939.747 1007
939.790 1008
939.794 1009
939.805 1010
939.839 1011
939.887 1012
940.024 1013
940.120 1014
940.233 1015
940.238 1016
940.288 1017
940.359 1018
940.384 1019
940.384 1020
940.402 1021
940.478 1022
940.674 1023
940.724 1024
940.900 1025
941.021 1026
941.107 1027
941.193 1028
941.361 1029
941.968 1030
942.224 1031
942.240 1032
942.243 1033
942.277 1034
942.465 1035
942.506 1036
942.848 1037
943.244 1038
943.316 1039
944.553 1040
944.747 1041
945.632 1042
946.052 1043
946.365 1044
947.349 1045
948.400 1046
948.453 1047
948.465 1048
949.134 1049
949.258 1050
949.549 1051
950.113 1052
950.231 1053
950.261 1054
950.273 1055
950.285 1056
950.377 1057
950.388 1058
950.961 1059
950.963 1060
951.201 1061
951.334 1062
951.565 1063
951.677 1064
951.692 1065
951.725 1066
951.774 1067
951.815 1068
951.843 1069
951.922 1070
952.001 1071
952.273 1072
952.282 1073
952.283 1074
952.621 1075
952.639 1076
952.717 1077
952.733 1078
952.775 1079
952.848 1080
952.966 1081
952.989 1082
952.992 1083
952.993 1084
953.027 1085
953.217 1086
953.257 1087
953.260 1088
953.262 1089
953.378 1090
953.457 1091
953.596 1092
953.767 1093
953.820 1094
954.003 1095
954.020 1096
954.070 1097
954.279 1098
954.615 1099
954.637 1100
954.659 1101
954.895 1102
954.946 1103
955.110 1104
955.613 1105
956.085 1106
956.170 1107
956.283 1108
957.022 1109
957.022 1110
957.572 1111
957.612 1112
957.639 1113
957.678 1114
957.722 1115
957.756 1116
957.767 1117
957.859 1118
957.895 1119
957.904 1120
957.995 1121
958.026 1122
958.056 1123
958.086 1124
958.273 1125
958.283 1126
958.288 1127
958.289 1128
958.289 1129
958.309 1130
958.315 1131
958.315 1132
958.400 1133
958.438 1134
958.535 1135
958.548 1136
959.364 1137
959.683 1138
959.684 1139
959.748 1140
960.299 1141
960.528 1142
960.576 1143
960.658 1144
960.743 1145
960.874 1146
961.088 1147
961.582 1148
961.707 1149
961.979 1150
962.006 1151
962.805 1152
963.103 1153
963.858 1154
964.334 1155
964.462 1156
964.518 1157
964.567 1158
964.614 1159
964.664 1160
964.696 1161
964.709 1162
964.725 1163
964.734 1164
964.767 1165
964.834 1166
964.872 1167
964.909 1168
964.941 1169
964.942 1170
964.951 1171
965.005 1172
965.306 1173
965.586 1174
965.640 1175
966.295 1176
966.621 1177
967.640 1178
967.812 1179
967.973 1180
968.745 1181
968.910 1182
969.857 1183
969.888 1184
970.047 1185
970.609 1186
970.665 1187
971.910 1188
972.005 1189
972.011 1190
972.246 1191
972.439 1192
974.188 1193
974.488 1194
976.118 1195
977.261 1196
977.393 1197
977.410 1198
978.280 1199
978.304 1200
978.611 1201
978.702 1202
978.769 1203
979.022 1204
979.024 1205
979.469 1206
979.528 1207
979.945 1208
981.830 1209
982.293 1210
982.443 1211
982.564 1212
983.462 1213
983.899 1214
984.024 1215
984.374 1216
984.686 1217
984.876 1218
985.157 1219
985.774 1220
986.463 1221
987.141 1222
987.183 1223
987.913 1224
988.857 1225
989.834 1226
990.294 1227
990.404 1228
990.511 1229
990.841 1230
994.159 1231
994.351 1232
994.654 1233
994.895 1234
998.529 1235
998.603 1236
998.640 1237
1001.126 1238
1004.244 1239
1005.156 1240
1014.794 1241
1015.270 1242
1015.513 1243
1015.715 1244
1015.749 1245
1015.765 1246
1016.223 1247
1016.455 1248
1017.383 1249
1019.231 1250
1019.234 1251
1019.234 1252
1019.242 1253
1019.244 1254
1019.256 1255
1019.262 1256
1021.702 1257
1024.977 1258
1027.682 1259
1027.687 1260
1031.390 1261
1037.933 1262
1043.041 1263
1043.617 1264
1047.440 1265
1047.455 1266
1048.115 1267
1053.264 1268
1054.427 1269
1055.057 1270
1055.073 1271
1055.088 1272
1055.093 1273
1055.098 1274
1055.104 1275
1055.105 1276
1055.109 1277
1055.111 1278
1055.112 1279
1055.113 1280
1055.114 1281
1055.116 1282
1055.117 1283
1055.119 1284
1055.119 1285
1055.131 1286
1055.134 1287
1055.134 1288
1055.135 1289
1055.135 1290
1055.137 1291
1055.139 1292
1055.140 1293
1055.140 1294
1055.141 1295
1055.143 1296
1055.144 1297
1055.144 1298
1055.145 1299
1055.146 1300
1055.147 1301
1055.149 1302
1055.150 1303
1055.151 1304
1055.153 1305
1055.153 1306
1055.154 1307
1055.154 1308
1055.155 1309
1055.157 1310
1055.159 1311
1055.160 1312
1055.160 1313
1055.161 1314
1055.161 1315
1055.162 1316
1055.164 1317
1055.166 1318
1055.168 1319
1055.168 1320
1055.170 1321
1055.170 1322
1055.171 1323
1055.173 1324
1055.173 1325
1055.174 1326
1055.176 1327
1055.177 1328
1055.178 1329
1055.179 1330
1055.182 1331
1055.182 1332
1055.183 1333
1055.185 1334
1055.187 1335
1055.188 1336
1055.188 1337
1055.189 1338
1055.193 1339
1055.196 1340
1055.197 1341
1055.197 1342
1055.198 1343
1055.200 1344
1055.201 1345
1055.202 1346
1055.202 1347
1055.203 1348
1055.204 1349
1055.206 1350
1055.207 1351
1055.208 1352
1055.212 1353
1055.214 1354
1055.217 1355
1055.218 1356
1055.220 1357
1055.222 1358
1055.223 1359
1055.227 1360
1055.228 1361
1055.230 1362
1055.231 1363
1055.231 1364
1055.237 1365
1055.238 1366
1055.239 1367
1055.243 1368
1055.243 1369
1055.250 1370
1055.253 1371
1055.254 1372
1055.254 1373
1055.257 1374
1055.258 1375
1055.261 1376
1055.261 1377
1055.262 1378
1055.263 1379
1055.267 1380
1055.268 1381
1055.269 1382
1055.270 1383
1055.272 1384
1055.273 1385
1055.276 1386
1055.277 1387
1055.281 1388
1055.284 1389
1055.287 1390
1055.287 1391
1055.288 1392
1055.293 1393
1055.295 1394
1055.298 1395
1055.300 1396
1055.309 1397
1055.311 1398
1055.312 1399
1055.313 1400
1055.314 1401
1055.315 1402
1055.317 1403
1055.318 1404
1055.328 1405
1055.328 1406
1055.332 1407
1055.334 1408
1055.344 1409
1055.346 1410
1055.348 1411
1055.348 1412
1055.353 1413
1055.361 1414
1055.367 1415
1055.376 1416
1055.379 1417
1055.390 1418
1055.392 1419
1055.393 1420
1055.396 1421
1055.397 1422
1055.397 1423
1055.403 1424
1055.405 1425
1055.412 1426
1055.427 1427
1055.447 1428
1055.454 1429
1055.470 1430
1055.490 1431
1055.493 1432
1055.511 1433
1055.516 1434
1055.517 1435
1055.550 1436
1055.560 1437
1055.584 1438
1055.603 1439
1055.615 1440
1055.637 1441
1055.663 1442
1055.668 1443
1055.886 1444
1056.022 1445
1061.085 1446
1061.138 1447
1061.138 1448
1061.182 1449
1061.465 1450
1061.602 1451
1061.632 1452
1061.652 1453
1061.713 1454
1061.719 1455
1061.747 1456
1061.811 1457
1061.855 1458
1061.862 1459
1061.922 1460
1062.048 1461
1062.053 1462
1062.069 1463
1062.160 1464
1062.322 1465
1062.390 1466
1062.634 1467
1063.675 1468
1063.807 1469
1064.968 1470
1066.429 1471
1066.535 1472
1066.953 1473
1067.326 1474
1067.878 1475
1068.949 1476
1069.186 1477
1069.308 1478
1069.725 1479
1069.874 1480
1069.990 1481
1070.280 1482
1070.618 1483
1070.619 1484
1070.765 1485
1070.804 1486
1070.931 1487
1070.954 1488
1071.087 1489
1071.414 1490
1071.782 1491
1072.148 1492
1072.204 1493
1072.572 1494
1072.980 1495
1073.404 1496
1073.512 1497
1073.847 1498
1073.933 1499
1074.035 1500
1074.037 1501
1074.479 1502
1074.662 1503
1075.170 1504
1075.215 1505
1075.346 1506
1075.374 1507
1075.412 1508
1075.544 1509
1075.957 1510
1076.028 1511
1076.082 1512
1076.478 1513
1077.146 1514
1077.631 1515
1077.803 1516
1078.175 1517
1078.430 1518
1078.495 1519
1079.018 1520
1079.414 1521
1080.589 1522
1080.641 1523
1080.693 1524
1081.639 1525
1082.077 1526
1082.694 1527
1083.752 1528
1085.223 1529
1086.065 1530
1086.966 1531
1087.407 1532
1088.271 1533
1090.555 1534
1092.908 1535
1095.161 1536
1095.580 1537
1097.675 1538
1099.399 1539
1099.978 1540
1105.201 1541
1108.769 1542
1115.705 1543
1115.954 1544
1116.858 1545
1120.722 1546
1134.205 1547
1136.251 1548
1139.191 1549
1139.383 1550
1139.570 1551
1139.594 1552
1139.635 1553
1139.697 1554
1139.718 1555
1139.961 1556
1140.030 1557
1140.044 1558
1140.380 1559
1140.382 1560
1140.383 1561
1140.386 1562
1140.388 1563
1140.399 1564
1140.401 1565
1140.407 1566
1140.411 1567
1140.429 1568
1141.680 1569
1142.690 1570
1144.605 1571
1145.479 1572
1146.079 1573
1146.479 1574
1147.054 1575
1147.063 1576
1147.201 1577
1147.743 1578
1148.193 1579
1148.984 1580
1149.209 1581
1149.788 1582
1150.892 1583
1151.006 1584
1151.459 1585
1151.853 1586
1153.215 1587
1153.409 1588
1153.682 1589
1154.080 1590
1156.923 1591
1157.149 1592
1157.206 1593
1157.334 1594
1157.429 1595
1157.465 1596
1157.551 1597
1157.891 1598
1158.005 1599
1158.078 1600
1158.340 1601
1158.572 1602
1158.784 1603
1158.980 1604
1159.164 1605
1159.301 1606
1159.385 1607
1159.755 1608
1159.790 1609
1159.882 1610
1160.181 1611
1160.372 1612
1160.452 1613
1160.925 1614
1161.303 1615
1161.573 1616
1163.640 1617
1163.678 1618
1167.495 1619
1172.518 1620
1197.746 1621
1197.804 1622
1197.844 1623
1197.983 1624
1198.271 1625
1201.349 1626
1201.511 1627
1202.306 1628
1203.295 1629
1204.742 1630
1204.743 1631
1204.743 1632
1204.744 1633
1204.745 1634
1204.745 1635
1205.688 1636
1205.688 1637
1206.094 1638
1206.696 1639
1206.707 1640
1206.882 1641
1206.882 1642
1206.887 1643
1206.887 1644
1206.888 1645
1206.890 1646
1206.898 1647
1206.905 1648
1207.161 1649
1207.525 1650
1207.947 1651
1209.485 1652
1210.075 1653
1210.075 1654
1210.420 1655
1210.420 1656
1210.692 1657
1210.693 1658
1210.959 1659
1210.959 1660
1210.992 1661
1211.365 1662
1211.365 1663
1211.851 1664
1211.862 1665
1211.957 1666
1211.963 1667
1212.027 1668
1212.127 1669
1212.127 1670
1212.493 1671
1212.493 1672
1212.694 1673
1212.836 1674
1214.315 1675
1214.667 1676
1214.685 1677
1214.689 1678
1214.693 1679
1214.698 1680
1214.698 1681
1214.719 1682
1214.719 1683
1214.731 1684
1214.759 1685
1214.759 1686
1215.264 1687
1215.535 1688
1216.058 1689
1216.450 1690
1216.450 1691
1216.974 1692
1217.417 1693
1218.217 1694
1218.902 1695
1219.140 1696
1219.192 1697
1219.204 1698
1219.206 1699
1219.220 1700
1219.294 1701
1219.300 1702
1219.324 1703
1219.337 1704
1219.856 1705
1219.856 1706
1220.155 1707
1220.703 1708
1221.443 1709
1222.895 1710
1223.002 1711
1223.093 1712
1223.094 1713
1223.101 1714
1225.136 1715
1225.598 1716
1226.055 1717
1227.344 1718
1227.765 1719
1229.462 1720
1229.978 1721
1232.603 1722
1232.649 1723
1232.716 1724
1233.664 1725
1233.690 1726
1234.559 1727
1235.111 1728
1235.849 1729
1235.965 1730
1235.977 1731
1237.499 1732
1237.802 1733
1238.366 1734
1239.566 1735
1240.231 1736
1240.623 1737
1240.719 1738
1240.729 1739
1240.856 1740
1241.341 1741
1248.025 1742
1248.993 1743
1250.952 1744
1255.820 1745
1255.933 1746
1256.658 1747
1258.058 1748
1258.552 1749
1258.555 1750
1261.236 1751
1262.466 1752
1264.446 1753
1264.716 1754
1264.766 1755
1265.282 1756
1265.503 1757
1267.670 1758
1267.796 1759
1268.451 1760
1268.910 1761
1268.921 1762
1269.036 1763
1269.111 1764
1269.211 1765
1269.233 1766
1269.281 1767
1269.395 1768
1269.621 1769
1269.686 1770
1270.683 1771
1270.684 1772
1270.940 1773
1270.963 1774
1271.347 1775
1271.394 1776
1271.406 1777
1271.448 1778
1272.096 1779
1272.138 1780
1272.160 1781
1272.227 1782
1272.813 1783
1272.814 1784
1272.827 1785
1272.838 1786
1272.850 1787
1272.861 1788
1272.973 1789
1272.976 1790
1272.976 1791
1273.003 1792
1273.004 1793
1273.021 1794
1273.029 1795
1273.030 1796
1273.033 1797
1273.045 1798
1273.068 1799
1273.077 1800
1273.187 1801
1273.197 1802
1273.209 1803
1273.321 1804
1273.373 1805
1273.377 1806
1273.439 1807
1273.517 1808
1273.520 1809
1273.547 1810
1273.571 1811
1273.621 1812
1273.643 1813
1273.821 1814
1273.858 1815
1273.896 1816
1273.949 1817
1273.983 1818
1273.996 1819
1274.093 1820
1274.349 1821
1274.362 1822
1274.472 1823
1274.476 1824
1274.476 1825
1274.477 1826
1274.552 1827
1274.554 1828
1274.585 1829
1274.588 1830
1274.631 1831
1274.783 1832
1274.848 1833
1274.879 1834
1274.968 1835
1274.974 1836
1274.975 1837
1275.054 1838
1275.227 1839
1275.242 1840
1275.400 1841
1275.632 1842
1275.669 1843
1275.737 1844
1275.950 1845
1275.966 1846
1275.967 1847
1275.967 1848
1275.968 1849
1275.990 1850
1276.133 1851
1276.339 1852
1276.360 1853
1276.674 1854
1276.678 1855
1276.707 1856
1276.716 1857
1276.818 1858
1276.882 1859
1276.907 1860
1276.911 1861
1276.911 1862
1276.920 1863
1276.927 1864
1277.097 1865
1277.145 1866
1277.406 1867
1277.505 1868
1277.597 1869
1277.609 1870
1277.651 1871
1277.663 1872
1277.703 1873
1277.724 1874
1277.740 1875
1277.808 1876
1278.066 1877
1278.088 1878
1278.201 1879
1278.204 1880
1278.210 1881
1278.237 1882
1278.537 1883
1278.538 1884
1278.540 1885
1278.552 1886
1278.928 1887
1279.118 1888
1279.325 1889
1279.356 1890
1280.785 1891
1280.793 1892
1280.988 1893
1281.297 1894
1281.309 1895
1281.862 1896
1281.864 1897
1281.918 1898
1281.953 1899
1281.974 1900
1282.011 1901
1282.079 1902
1282.195 1903
1282.226 1904
1282.254 1905
1282.280 1906
1282.312 1907
1282.534 1908
1282.552 1909
1282.605 1910
1282.630 1911
1282.664 1912
1282.678 1913
1282.845 1914
1282.885 1915
1282.947 1916
1283.001 1917
1283.040 1918
1283.153 1919
1283.242 1920
1283.481 1921
1284.495 1922
1285.179 1923
1285.465 1924
1285.752 1925
1286.423 1926
1286.463 1927
1286.496 1928
1286.720 1929
1286.921 1930
1289.289 1931
1289.292 1932
1289.544 1933
1290.248 1934
1290.249 1935
1290.812 1936
1291.372 1937
1292.950 1938
1293.192 1939
1293.282 1940
1294.282 1941
1294.515 1942
1294.515 1943
1294.564 1944
1294.734 1945
1294.800 1946
1294.932 1947
1295.333 1948
1295.696 1949
1295.821 1950
1295.954 1951
1296.145 1952
1296.769 1953
1296.949 1954
1297.823 1955
1302.736 1956
1305.123 1957
1305.372 1958
1307.276 1959
1308.382 1960
1309.403 1961
1309.566 1962
1309.567 1963
1309.567 1964
1309.567 1965
1309.567 1966
1309.568 1967
1309.568 1968
1309.577 1969
1309.577 1970
1309.577 1971
1309.578 1972
1309.578 1973
1309.578 1974
1310.313 1975
1310.755 1976
1313.995 1977
1314.487 1978
1314.607 1979
1314.716 1980
1318.023 1981
1319.257 1982
1321.735 1983
1322.648 1984
1322.715 1985
1322.747 1986
1323.459 1987
1323.493 1988
1323.620 1989
1324.500 1990
1325.950 1991
1326.021 1992
1326.101 1993
1326.220 1994
1326.221 1995
1326.252 1996
1326.265 1997
1326.283 1998
1326.425 1999
1326.554 2000
1326.575 2001
1326.575 2002
1326.610 2003
1326.615 2004
1326.633 2005
1327.469 2006
1327.490 2007
1327.594 2008
1327.632 2009
1327.659 2010
1327.660 2011
1327.686 2012
1327.693 2013
1327.772 2014
1327.838 2015
1327.869 2016
1328.037 2017
1328.061 2018
1328.125 2019
1328.128 2020
1328.159 2021
1328.172 2022
1328.192 2023
1328.315 2024
1328.556 2025
1329.067 2026
1329.302 2027
1329.519 2028
1329.610 2029
1329.676 2030
1329.773 2031
1330.119 2032
1332.144 2033
1339.044 2034
1339.882 2035
1341.918 2036
1348.985 2037
1349.831 2038
1361.134 2039
1361.164 2040
1361.387 2041
1361.460 2042
1366.587 2043
1366.670 2044
1366.715 2045
1366.718 2046
1366.793 2047
1366.806 2048
1366.901 2049
1367.135 2050
1367.156 2051
1367.168 2052
1367.212 2053
1367.362 2054
1367.443 2055
1367.632 2056
1367.640 2057
1367.690 2058
1367.713 2059
1367.750 2060
1367.798 2061
1367.815 2062
1371.165 2063
1373.777 2064
1374.659 2065
1375.185 2066
1375.186 2067
1377.310 2068
1382.834 2069
1391.109 2070
1392.225 2071
1402.983 2072
1404.818 2073
1407.149 2074
1407.152 2075
1407.152 2076
1407.153 2077
1407.158 2078
1407.264 2079
1410.083 2080
1417.541 2081
1417.639 2082
1429.814 2083
1436.334 2084
1436.612 2085
1442.143 2086
1442.144 2087
1447.465 2088
1447.825 2089
1453.387 2090
1455.488 2091
1457.885 2092
1457.885 2093
1460.116 2094
1460.123 2095
1460.415 2096
1460.486 2097
1465.629 2098
1465.784 2099
1486.333 2100
1488.095 2101
1498.200 2102
1500.371 2103
1501.992 2104
1503.513 2105
1504.647 2106
1505.153 2107
1505.965 2108
1506.520 2109
1506.536 2110
1506.545 2111
1506.546 2112
1506.570 2113
1506.571 2114
1506.573 2115
1506.574 2116
1506.574 2117
1506.577 2118
1506.578 2119
1506.581 2120
1506.587 2121
1506.589 2122
1506.589 2123
1506.602 2124
1506.619 2125
1510.622 2126
1522.636 2127
1522.816 2128
1528.015 2129
1535.320 2130
1556.703 2131
1557.118 2132
1558.249 2133
1558.815 2134
1559.155 2135
1559.556 2136
1559.656 2137
1559.727 2138
1560.758 2139
1560.765 2140
1560.766 2141
1560.767 2142
1560.767 2143
1561.149 2144
1561.188 2145
1561.216 2146
1561.216 2147
1561.244 2148
1561.258 2149
1561.265 2150
1561.267 2151
1561.269 2152
1561.278 2153
1561.282 2154
1561.284 2155
1561.285 2156
1561.286 2157
1561.293 2158
1561.294 2159
1561.305 2160
1561.306 2161
1561.320 2162
1561.324 2163
1561.327 2164
1561.330 2165
1561.336 2166
1561.338 2167
1561.340 2168
1561.344 2169
1561.345 2170
1561.345 2171
1561.348 2172
1561.348 2173
1561.351 2174
1561.351 2175
1561.355 2176
1561.369 2177
1561.377 2178
1561.378 2179
1561.389 2180
1561.397 2181
1561.399 2182
1561.399 2183
1561.404 2184
1561.405 2185
1561.414 2186
1561.416 2187
1561.422 2188
1561.427 2189
1561.429 2190
1561.429 2191
1561.431 2192
1561.432 2193
1561.438 2194
1561.438 2195
1561.440 2196
1561.443 2197
1561.448 2198
1561.448 2199
1561.451 2200
1561.456 2201
1561.456 2202
1561.460 2203
1561.461 2204
1561.462 2205
1561.462 2206
1561.465 2207
1561.467 2208
1561.468 2209
1561.469 2210
1561.469 2211
1561.470 2212
1561.471 2213
1561.475 2214
1561.475 2215
1561.476 2216
1561.479 2217
1561.483 2218
1561.484 2219
1561.486 2220
1561.487 2221
1561.489 2222
1561.490 2223
1561.491 2224
1561.491 2225
1561.493 2226
1561.494 2227
1561.495 2228
1561.496 2229
1561.497 2230
1561.499 2231
1561.501 2232
1561.502 2233
1561.502 2234
1561.503 2235
1561.504 2236
1561.505 2237
1561.506 2238
1561.507 2239
1561.508 2240
1561.509 2241
1561.509 2242
1561.509 2243
1561.511 2244
1561.512 2245
1561.513 2246
1561.514 2247
1561.514 2248
1561.515 2249
1561.517 2250
1561.518 2251
1561.519 2252
1561.519 2253
1561.520 2254
1561.520 2255
1561.520 2256
1561.522 2257
1561.522 2258
1561.523 2259
1561.523 2260
1561.523 2261
1561.525 2262
1561.527 2263
1561.527 2264
1561.528 2265
1561.529 2266
1561.529 2267
1561.529 2268
1561.530 2269
1561.531 2270
1561.531 2271
1561.531 2272
1561.532 2273
1561.533 2274
1561.533 2275
1561.534 2276
1561.534 2277
1561.534 2278
1561.535 2279
1561.537 2280
1561.539 2281
1561.539 2282
1561.540 2283
1561.540 2284
1561.542 2285
1561.544 2286
1561.545 2287
1561.545 2288
1561.547 2289
1561.548 2290
1561.549 2291
1561.549 2292
1561.550 2293
1561.551 2294
1561.553 2295
1561.554 2296
1561.556 2297
1561.557 2298
1561.557 2299
1561.558 2300
1561.559 2301
1561.561 2302
1561.561 2303
1561.562 2304
1561.563 2305
1561.565 2306
1561.566 2307
1561.566 2308
1561.567 2309
1561.568 2310
1561.569 2311
1561.569 2312
1561.570 2313
1561.571 2314
1561.572 2315
1561.572 2316
1561.575 2317
1561.576 2318
1561.577 2319
1561.577 2320
1561.578 2321
1561.582 2322
1561.584 2323
1561.586 2324
1561.587 2325
1561.587 2326
1561.588 2327
1561.589 2328
1561.591 2329
1561.592 2330
1561.592 2331
1561.594 2332
1561.594 2333
1561.596 2334
1561.596 2335
1561.596 2336
1561.598 2337
1561.598 2338
1561.599 2339
1561.600 2340
1561.601 2341
1561.602 2342
1561.603 2343
1561.603 2344
1561.604 2345
1561.604 2346
1561.607 2347
1561.608 2348
1561.608 2349
1561.610 2350
1561.610 2351
1561.610 2352
1561.611 2353
1561.612 2354
1561.612 2355
1561.613 2356
1561.614 2357
1561.617 2358
1561.618 2359
1561.619 2360
1561.619 2361
1561.621 2362
1561.623 2363
1561.624 2364
1561.625 2365
1561.626 2366
1561.629 2367
1561.630 2368
1561.631 2369
1561.631 2370
1561.632 2371
1561.633 2372
1561.634 2373
1561.634 2374
1561.635 2375
1561.636 2376
1561.637 2377
1561.637 2378
1561.638 2379
1561.641 2380
1561.642 2381
1561.643 2382
1561.643 2383
1561.643 2384
1561.644 2385
1561.644 2386
1561.646 2387
1561.646 2388
1561.647 2389
1561.648 2390
1561.648 2391
1561.649 2392
1561.649 2393
1561.650 2394
1561.650 2395
1561.651 2396
1561.652 2397
1561.652 2398
1561.653 2399
1561.653 2400
1561.653 2401
1561.654 2402
1561.655 2403
1561.656 2404
1561.656 2405
1561.657 2406
1561.657 2407
1561.658 2408
1561.659 2409
1561.659 2410
1561.659 2411
1561.661 2412
1561.661 2413
1561.662 2414
1561.663 2415
1561.664 2416
1561.664 2417
1561.665 2418
1561.665 2419
1561.668 2420
1561.668 2421
1561.668 2422
1561.668 2423
1561.669 2424
1561.670 2425
1561.671 2426
1561.672 2427
1561.672 2428
1561.674 2429
1561.674 2430
1561.675 2431
1561.675 2432
1561.676 2433
1561.677 2434
1561.678 2435
1561.680 2436
1561.681 2437
1561.681 2438
1561.682 2439
1561.683 2440
1561.683 2441
1561.684 2442
1561.684 2443
1561.685 2444
1561.687 2445
1561.687 2446
1561.688 2447
1561.689 2448
1561.690 2449
1561.691 2450
1561.691 2451
1561.691 2452
1561.692 2453
1561.693 2454
1561.694 2455
1561.695 2456
1561.696 2457
1561.696 2458
1561.697 2459
1561.698 2460
1561.698 2461
1561.699 2462
1561.700 2463
1561.700 2464
1561.701 2465
1561.702 2466
1561.702 2467
1561.703 2468
1561.703 2469
1561.704 2470
1561.704 2471
1561.704 2472
1561.705 2473
1561.705 2474
1561.706 2475
1561.707 2476
1561.707 2477
1561.708 2478
1561.708 2479
1561.709 2480
1561.710 2481
1561.711 2482
1561.711 2483
1561.712 2484
1561.712 2485
1561.713 2486
1561.713 2487
1561.714 2488
1561.714 2489
1561.714 2490
1561.714 2491
1561.715 2492
1561.715 2493
1561.717 2494
1561.718 2495
1561.719 2496
1561.720 2497
1561.720 2498
1561.721 2499
1561.722 2500
1561.722 2501
1561.724 2502
1561.724 2503
1561.725 2504
1561.725 2505
1561.727 2506
1561.727 2507
1561.728 2508
1561.728 2509
1561.729 2510
1561.730 2511
1561.730 2512
1561.732 2513
1561.732 2514
1561.733 2515
1561.733 2516
1561.734 2517
1561.735 2518
1561.736 2519
1561.738 2520
1561.738 2521
1561.740 2522
1561.741 2523
1561.741 2524
1561.741 2525
1561.742 2526
1561.744 2527
1561.744 2528
1561.745 2529
1561.746 2530
1561.746 2531
1561.748 2532
1561.750 2533
1561.750 2534
1561.751 2535
1561.751 2536
1561.753 2537
1561.756 2538
1561.756 2539
1561.757 2540
1561.757 2541
1561.759 2542
1561.760 2543
1561.761 2544
1561.761 2545
1561.763 2546
1561.763 2547
1561.764 2548
1561.764 2549
1561.766 2550
1561.767 2551
1561.768 2552
1561.770 2553
1561.770 2554
1561.771 2555
1561.771 2556
1561.772 2557
1561.773 2558
1561.774 2559
1561.775 2560
1561.775 2561
1561.776 2562
1561.776 2563
1561.777 2564
1561.777 2565
1561.778 2566
1561.779 2567
1561.779 2568
1561.779 2569
1561.780 2570
1561.781 2571
1561.781 2572
1561.782 2573
1561.782 2574
1561.782 2575
1561.784 2576
1561.785 2577
1561.786 2578
1561.787 2579
1561.787 2580
1561.788 2581
1561.789 2582
1561.789 2583
1561.792 2584
1561.792 2585
1561.793 2586
1561.795 2587
1561.797 2588
1561.799 2589
1561.800 2590
1561.800 2591
1561.801 2592
1561.802 2593
1561.803 2594
1561.803 2595
1561.805 2596
1561.806 2597
1561.807 2598
1561.807 2599
1561.809 2600
1561.810 2601
1561.812 2602
1561.813 2603
1561.813 2604
1561.814 2605
1561.816 2606
1561.817 2607
1561.819 2608
1561.819 2609
1561.820 2610
1561.821 2611
1561.821 2612
1561.822 2613
1561.822 2614
1561.824 2615
1561.825 2616
1561.828 2617
1561.831 2618
1561.831 2619
1561.831 2620
1561.832 2621
1561.832 2622
1561.835 2623
1561.836 2624
1561.836 2625
1561.837 2626
1561.838 2627
1561.839 2628
1561.839 2629
1561.840 2630
1561.841 2631
1561.842 2632
1561.844 2633
1561.844 2634
1561.845 2635
1561.845 2636
1561.845 2637
1561.846 2638
1561.847 2639
1561.848 2640
1561.850 2641
1561.851 2642
1561.853 2643
1561.853 2644
1561.854 2645
1561.855 2646
1561.857 2647
1561.857 2648
1561.858 2649
1561.859 2650
1561.859 2651
1561.859 2652
1561.860 2653
1561.860 2654
1561.862 2655
1561.863 2656
1561.865 2657
1561.865 2658
1561.866 2659
1561.867 2660
1561.869 2661
1561.869 2662
1561.869 2663
1561.870 2664
1561.870 2665
1561.870 2666
1561.871 2667
1561.871 2668
1561.872 2669
1561.872 2670
1561.873 2671
1561.874 2672
1561.875 2673
1561.876 2674
1561.876 2675
1561.877 2676
1561.877 2677
1561.878 2678
1561.878 2679
1561.879 2680
1561.880 2681
1561.880 2682
1561.880 2683
1561.881 2684
1561.881 2685
1561.881 2686
1561.882 2687
1561.882 2688
1561.883 2689
1561.884 2690
1561.884 2691
1561.885 2692
1561.885 2693
1561.885 2694
1561.886 2695
1561.887 2696
1561.888 2697
1561.888 2698
1561.889 2699
1561.890 2700
1561.891 2701
1561.891 2702
1561.893 2703
1561.893 2704
1561.896 2705
1561.896 2706
1561.897 2707
1561.897 2708
1561.898 2709
1561.898 2710
1561.899 2711
1561.899 2712
1561.902 2713
1561.903 2714
1561.904 2715
1561.905 2716
1561.905 2717
1561.905 2718
1561.907 2719
1561.907 2720
1561.908 2721
1561.908 2722
1561.909 2723
1561.910 2724
1561.911 2725
1561.911 2726
1561.913 2727
1561.913 2728
1561.914 2729
1561.915 2730
1561.915 2731
1561.917 2732
1561.917 2733
1561.918 2734
1561.918 2735
1561.919 2736
1561.920 2737
1561.920 2738
1561.921 2739
1561.922 2740
1561.922 2741
1561.923 2742
1561.923 2743
1561.924 2744
1561.924 2745
1561.925 2746
1561.926 2747
1561.928 2748
1561.928 2749
1561.928 2750
1561.928 2751
1561.928 2752
1561.929 2753
1561.930 2754
1561.930 2755
1561.930 2756
1561.932 2757
1561.933 2758
1561.935 2759
1561.936 2760
1561.936 2761
1561.937 2762
1561.937 2763
1561.938 2764
1561.939 2765
1561.939 2766
1561.942 2767
1561.942 2768
1561.943 2769
1561.944 2770
1561.945 2771
1561.946 2772
1561.949 2773
1561.950 2774
1561.951 2775
1561.951 2776
1561.952 2777
1561.952 2778
1561.952 2779
1561.953 2780
1561.954 2781
1561.954 2782
1561.955 2783
1561.955 2784
1561.955 2785
1561.956 2786
1561.958 2787
1561.959 2788
1561.960 2789
1561.960 2790
1561.960 2791
1561.961 2792
1561.961 2793
1561.964 2794
1561.964 2795
1561.966 2796
1561.966 2797
1561.967 2798
1561.969 2799
1561.970 2800
1561.971 2801
1561.972 2802
1561.972 2803
1561.972 2804
1561.973 2805
1561.974 2806
1561.974 2807
1561.975 2808
1561.976 2809
1561.977 2810
1561.978 2811
1561.978 2812
1561.978 2813
1561.978 2814
1561.979 2815
1561.979 2816
1561.980 2817
1561.980 2818
1561.981 2819
1561.981 2820
1561.981 2821
1561.982 2822
1561.983 2823
1561.983 2824
1561.984 2825
1561.986 2826
1561.986 2827
1561.987 2828
1561.987 2829
1561.988 2830
1561.988 2831
1561.989 2832
1561.990 2833
1561.990 2834
1561.990 2835
1561.991 2836
1561.992 2837
1561.992 2838
1561.993 2839
1561.993 2840
1561.993 2841
1561.994 2842
1561.994 2843
1561.994 2844
1561.994 2845
1561.995 2846
1561.995 2847
1561.996 2848
1561.997 2849
1561.997 2850
1561.997 2851
1561.998 2852
1561.998 2853
1561.998 2854
1561.999 2855
1561.999 2856
1562.000 2857
1562.000 2858
1562.000 2859
1562.001 2860
1562.002 2861
1562.003 2862
1562.004 2863
1562.006 2864
1562.008 2865
1562.009 2866
1562.009 2867
1562.010 2868
1562.012 2869
1562.015 2870
1562.015 2871
1562.015 2872
1562.016 2873
1562.016 2874
1562.017 2875
1562.019 2876
1562.019 2877
1562.020 2878
1562.021 2879
1562.021 2880
1562.022 2881
1562.022 2882
1562.024 2883
1562.024 2884
1562.025 2885
1562.025 2886
1562.026 2887
1562.027 2888
1562.028 2889
1562.030 2890
1562.031 2891
1562.032 2892
1562.032 2893
1562.035 2894
1562.036 2895
1562.036 2896
1562.037 2897
1562.038 2898
1562.039 2899
1562.039 2900
1562.039 2901
1562.040 2902
1562.041 2903
1562.042 2904
1562.043 2905
1562.044 2906
1562.045 2907
1562.045 2908
1562.046 2909
1562.048 2910
1562.049 2911
1562.050 2912
1562.051 2913
1562.053 2914
1562.053 2915
1562.053 2916
1562.053 2917
1562.054 2918
1562.055 2919
1562.055 2920
1562.057 2921
1562.057 2922
1562.058 2923
1562.059 2924
1562.061 2925
1562.062 2926
1562.063 2927
1562.064 2928
1562.066 2929
1562.068 2930
1562.069 2931
1562.069 2932
1562.070 2933
1562.070 2934
1562.070 2935
1562.070 2936
1562.070 2937
1562.072 2938
1562.074 2939
1562.076 2940
1562.076 2941
1562.077 2942
1562.077 2943
1562.078 2944
1562.078 2945
1562.078 2946
1562.079 2947
1562.079 2948
1562.079 2949
1562.080 2950
1562.081 2951
1562.082 2952
1562.083 2953
1562.084 2954
1562.084 2955
1562.085 2956
1562.085 2957
1562.086 2958
1562.086 2959
1562.087 2960
1562.087 2961
1562.088 2962
1562.089 2963
1562.089 2964
1562.090 2965
1562.090 2966
1562.090 2967
1562.091 2968
1562.092 2969
1562.092 2970
1562.093 2971
1562.093 2972
1562.094 2973
1562.094 2974
1562.094 2975
1562.097 2976
1562.097 2977
1562.098 2978
1562.098 2979
1562.100 2980
1562.101 2981
1562.102 2982
1562.102 2983
1562.103 2984
1562.103 2985
1562.104 2986
1562.104 2987
1562.104 2988
1562.105 2989
1562.106 2990
1562.106 2991
1562.106 2992
1562.107 2993
1562.107 2994
1562.109 2995
1562.111 2996
1562.112 2997
1562.113 2998
1562.113 2999
1562.114 3000
1562.114 3001
1562.115 3002
1562.115 3003
1562.116 3004
1562.116 3005
1562.117 3006
1562.117 3007
1562.117 3008
1562.118 3009
1562.119 3010
1562.119 3011
1562.120 3012
1562.121 3013
1562.121 3014
1562.121 3015
1562.128 3016
1562.128 3017
1562.130 3018
1562.132 3019
1562.134 3020
1562.135 3021
1562.136 3022
1562.136 3023
1562.137 3024
1562.141 3025
1562.141 3026
1562.145 3027
1562.145 3028
1562.147 3029
1562.147 3030
1562.150 3031
1562.151 3032
1562.153 3033
1562.153 3034
1562.157 3035
1562.160 3036
1562.162 3037
1562.163 3038
1562.164 3039
1562.166 3040
1562.168 3041
1562.169 3042
1562.169 3043
1562.171 3044
1562.172 3045
1562.173 3046
1562.174 3047
1562.175 3048
1562.175 3049
1562.180 3050
1562.181 3051
1562.182 3052
1562.183 3053
1562.184 3054
1562.186 3055
1562.188 3056
1562.190 3057
1562.193 3058
1562.194 3059
1562.194 3060
1562.195 3061
1562.197 3062
1562.198 3063
1562.198 3064
1562.198 3065
1562.199 3066
1562.202 3067
1562.202 3068
1562.203 3069
1562.204 3070
1562.205 3071
1562.206 3072
1562.206 3073
1562.207 3074
1562.211 3075
1562.213 3076
1562.214 3077
1562.216 3078
1562.219 3079
1562.220 3080
1562.221 3081
1562.223 3082
1562.226 3083
1562.231 3084
1562.234 3085
1562.235 3086
1562.237 3087
1562.238 3088
1562.241 3089
1562.242 3090
1562.245 3091
1562.247 3092
1562.249 3093
1562.253 3094
1562.257 3095
1562.263 3096
1562.267 3097
1562.268 3098
1562.270 3099
1562.271 3100
1562.273 3101
1562.274 3102
1562.277 3103
1562.278 3104
1562.281 3105
1562.283 3106
1562.287 3107
1562.287 3108
1562.289 3109
1562.289 3110
1562.295 3111
1562.297 3112
1562.299 3113
1562.302 3114
1562.303 3115
1562.305 3116
1562.308 3117
1562.311 3118
1562.312 3119
1562.313 3120
1562.314 3121
1562.315 3122
1562.321 3123
1562.322 3124
1562.323 3125
1562.330 3126
1562.331 3127
1562.331 3128
1562.331 3129
1562.332 3130
1562.332 3131
1562.335 3132
1562.335 3133
1562.336 3134
1562.337 3135
1562.339 3136
1562.341 3137
1562.345 3138
1562.346 3139
1562.346 3140
1562.347 3141
1562.348 3142
1562.349 3143
1562.349 3144
1562.350 3145
1562.351 3146
1562.352 3147
1562.352 3148
1562.357 3149
1562.359 3150
1562.361 3151
1562.361 3152
1562.363 3153
1562.367 3154
1562.372 3155
1562.373 3156
1562.375 3157
1562.377 3158
1562.378 3159
1562.380 3160
1562.380 3161
1562.382 3162
1562.382 3163
1562.382 3164
1562.383 3165
1562.387 3166
1562.388 3167
1562.389 3168
1562.390 3169
1562.390 3170
1562.392 3171
1562.394 3172
1562.395 3173
1562.396 3174
1562.396 3175
1562.397 3176
1562.397 3177
1562.399 3178
1562.401 3179
1562.404 3180
1562.405 3181
1562.406 3182
1562.409 3183
1562.410 3184
1562.411 3185
1562.411 3186
1562.412 3187
1562.412 3188
1562.414 3189
1562.414 3190
1562.414 3191
1562.415 3192
1562.415 3193
1562.415 3194
1562.418 3195
1562.422 3196
1562.424 3197
1562.426 3198
1562.427 3199
1562.428 3200
1562.428 3201
1562.429 3202
1562.430 3203
1562.431 3204
1562.432 3205
1562.434 3206
1562.435 3207
1562.435 3208
1562.435 3209
1562.436 3210
1562.437 3211
1562.438 3212
1562.440 3213
1562.444 3214
1562.445 3215
1562.446 3216
1562.447 3217
1562.447 3218
1562.449 3219
1562.451 3220
1562.452 3221
1562.452 3222
1562.453 3223
1562.455 3224
1562.455 3225
1562.457 3226
1562.457 3227
1562.462 3228
1562.462 3229
1562.463 3230
1562.465 3231
1562.467 3232
1562.468 3233
1562.470 3234
1562.474 3235
1562.474 3236
1562.479 3237
1562.482 3238
1562.482 3239
1562.483 3240
1562.484 3241
1562.485 3242
1562.486 3243
1562.486 3244
1562.488 3245
1562.489 3246
1562.492 3247
1562.492 3248
1562.493 3249
1562.495 3250
1562.496 3251
1562.497 3252
1562.497 3253
1562.501 3254
1562.501 3255
1562.507 3256
1562.508 3257
1562.508 3258
1562.511 3259
1562.513 3260
1562.515 3261
1562.516 3262
1562.519 3263
1562.522 3264
1562.524 3265
1562.525 3266
1562.528 3267
1562.530 3268
1562.535 3269
1562.535 3270
1562.537 3271
1562.538 3272
1562.540 3273
1562.541 3274
1562.542 3275
1562.542 3276
1562.543 3277
1562.544 3278
1562.547 3279
1562.551 3280
1562.551 3281
1562.552 3282
1562.560 3283
1562.563 3284
1562.566 3285
1562.566 3286
1562.568 3287
1562.572 3288
1562.572 3289
1562.575 3290
1562.576 3291
1562.578 3292
1562.580 3293
1562.581 3294
1562.582 3295
1562.586 3296
1562.586 3297
1562.587 3298
1562.588 3299
1562.588 3300
1562.588 3301
1562.590 3302
1562.591 3303
1562.593 3304
1562.599 3305
1562.601 3306
1562.603 3307
1562.603 3308
1562.606 3309
1562.608 3310
1562.610 3311
1562.616 3312
1562.622 3313
1562.622 3314
1562.623 3315
1562.625 3316
1562.629 3317
1562.630 3318
1562.633 3319
1562.643 3320
1562.644 3321
1562.646 3322
1562.649 3323
1562.650 3324
1562.652 3325
1562.652 3326
1562.652 3327
1562.653 3328
1562.656 3329
1562.658 3330
1562.663 3331
1562.663 3332
1562.664 3333
1562.665 3334
1562.668 3335
1562.668 3336
1562.668 3337
1562.671 3338
1562.674 3339
1562.680 3340
1562.681 3341
1562.681 3342
1562.682 3343
1562.684 3344
1562.685 3345
1562.686 3346
1562.688 3347
1562.690 3348
1562.696 3349
1562.701 3350
1562.703 3351
1562.703 3352
1562.710 3353
1562.711 3354
1562.716 3355
1562.721 3356
1562.724 3357
1562.727 3358
1562.727 3359
1562.733 3360
1562.736 3361
1562.739 3362
1562.741 3363
1562.746 3364
1562.753 3365
1562.753 3366
1562.754 3367
1562.768 3368
1562.769 3369
1562.771 3370
1562.773 3371
1562.775 3372
1562.779 3373
1562.781 3374
1562.785 3375
1562.786 3376
1562.787 3377
1562.788 3378
1562.791 3379
1562.794 3380
1562.797 3381
1562.800 3382
1562.802 3383
1562.804 3384
1562.806 3385
1562.812 3386
1562.813 3387
1562.816 3388
1562.821 3389
1562.825 3390
1562.827 3391
1562.829 3392
1562.829 3393
1562.834 3394
1562.838 3395
1562.841 3396
1562.846 3397
1562.849 3398
1562.849 3399
1562.850 3400
1562.850 3401
1562.856 3402
1562.856 3403
1562.857 3404
1562.859 3405
1562.859 3406
1562.866 3407
1562.870 3408
1562.871 3409
1562.872 3410
1562.874 3411
1562.876 3412
1562.881 3413
1562.883 3414
1562.885 3415
1562.889 3416
1562.890 3417
1562.893 3418
1562.894 3419
1562.898 3420
1562.899 3421
1562.903 3422
1562.908 3423
1562.912 3424
1562.913 3425
1562.914 3426
1562.915 3427
1562.919 3428
1562.920 3429
1562.920 3430
1562.922 3431
1562.925 3432
1562.928 3433
1562.938 3434
1562.938 3435
1562.943 3436
1562.944 3437
1562.944 3438
1562.945 3439
1562.946 3440
1562.948 3441
1562.949 3442
1562.950 3443
1562.951 3444
1562.953 3445
1562.953 3446
1562.959 3447
1562.963 3448
1562.971 3449
1562.974 3450
1562.976 3451
1562.977 3452
1562.977 3453
1562.978 3454
1562.983 3455
1562.991 3456
1562.995 3457
1562.995 3458
1562.996 3459
1562.998 3460
1562.998 3461
1563.001 3462
1563.002 3463
1563.008 3464
1563.008 3465
1563.011 3466
1563.017 3467
1563.020 3468
1563.026 3469
1563.027 3470
1563.028 3471
1563.031 3472
1563.032 3473
1563.034 3474
1563.034 3475
1563.035 3476
1563.039 3477
1563.046 3478
1563.048 3479
1563.050 3480
1563.058 3481
1563.060 3482
1563.061 3483
1563.063 3484
1563.064 3485
1563.065 3486
1563.068 3487
1563.068 3488
1563.072 3489
1563.074 3490
1563.076 3491
1563.082 3492
1563.084 3493
1563.085 3494
1563.088 3495
1563.088 3496
1563.090 3497
1563.094 3498
1563.096 3499
1563.100 3500
1563.103 3501
1563.104 3502
1563.108 3503
1563.112 3504
1563.113 3505
1563.120 3506
1563.121 3507
1563.126 3508
1563.128 3509
1563.130 3510
1563.131 3511
1563.132 3512
1563.135 3513
1563.139 3514
1563.142 3515
1563.147 3516
1563.148 3517
1563.151 3518
1563.151 3519
1563.156 3520
1563.157 3521
1563.160 3522
1563.161 3523
1563.165 3524
1563.169 3525
1563.172 3526
1563.173 3527
1563.174 3528
1563.174 3529
1563.174 3530
1563.180 3531
1563.185 3532
1563.189 3533
1563.192 3534
1563.193 3535
1563.194 3536
1563.196 3537
1563.200 3538
1563.202 3539
1563.203 3540
1563.203 3541
1563.203 3542
1563.207 3543
1563.212 3544
1563.214 3545
1563.217 3546
1563.222 3547
1563.223 3548
1563.224 3549
1563.237 3550
1563.238 3551
1563.238 3552
1563.241 3553
1563.243 3554
1563.243 3555
1563.244 3556
1563.245 3557
1563.249 3558
1563.259 3559
1563.260 3560
1563.261 3561
1563.263 3562
1563.265 3563
1563.270 3564
1563.274 3565
1563.283 3566
1563.287 3567
1563.288 3568
1563.290 3569
1563.297 3570
1563.299 3571
1563.302 3572
1563.306 3573
1563.309 3574
1563.310 3575
1563.317 3576
1563.318 3577
1563.319 3578
1563.325 3579
1563.330 3580
1563.341 3581
1563.342 3582
1563.343 3583
1563.347 3584
1563.350 3585
1563.350 3586
1563.353 3587
1563.354 3588
1563.358 3589
1563.361 3590
1563.361 3591
1563.362 3592
1563.371 3593
1563.377 3594
1563.380 3595
1563.381 3596
1563.382 3597
1563.384 3598
1563.389 3599
1563.395 3600
1563.397 3601
1563.398 3602
1563.401 3603
1563.406 3604
1563.408 3605
1563.412 3606
1563.413 3607
1563.414 3608
1563.417 3609
1563.429 3610
1563.437 3611
1563.439 3612
1563.441 3613
1563.446 3614
1563.447 3615
1563.450 3616
1563.453 3617
1563.454 3618
1563.454 3619
1563.460 3620
1563.461 3621
1563.467 3622
1563.473 3623
1563.475 3624
1563.483 3625
1563.484 3626
1563.492 3627
1563.492 3628
1563.496 3629
1563.497 3630
1563.498 3631
1563.510 3632
1563.510 3633
1563.518 3634
1563.521 3635
1563.528 3636
1563.535 3637
1563.537 3638
1563.538 3639
1563.543 3640
1563.548 3641
1563.548 3642
1563.554 3643
1563.561 3644
1563.562 3645
1563.564 3646
1563.566 3647
1563.575 3648
1563.576 3649
1563.577 3650
1563.581 3651
1563.593 3652
1563.594 3653
1563.595 3654
1563.599 3655
1563.612 3656
1563.612 3657
1563.614 3658
1563.617 3659
1563.618 3660
1563.628 3661
1563.633 3662
1563.633 3663
1563.636 3664
1563.636 3665
1563.637 3666
1563.639 3667
1563.658 3668
1563.658 3669
1563.661 3670
1563.661 3671
1563.668 3672
1563.669 3673
1563.670 3674
1563.677 3675
1563.700 3676
1563.710 3677
1563.723 3678
1563.728 3679
1563.728 3680
1563.730 3681
1563.733 3682
1563.744 3683
1563.751 3684
1563.751 3685
1563.753 3686
1563.759 3687
1563.761 3688
1563.763 3689
1563.767 3690
1563.769 3691
1563.770 3692
1563.771 3693
1563.779 3694
1563.780 3695
1563.781 3696
1563.791 3697
1563.792 3698
1563.796 3699
1563.811 3700
1563.812 3701
1563.816 3702
1563.821 3703
1563.825 3704
1563.828 3705
1563.839 3706
1563.847 3707
1563.855 3708
1563.870 3709
1563.879 3710
1563.889 3711
1563.892 3712
1563.895 3713
1563.902 3714
1563.913 3715
1563.921 3716
1563.924 3717
1563.924 3718
1563.925 3719
1563.947 3720
1563.959 3721
1563.979 3722
1563.984 3723
1564.009 3724
1564.015 3725
1564.038 3726
1564.040 3727
1564.041 3728
1564.050 3729
1564.062 3730
1564.071 3731
1564.080 3732
1564.081 3733
1564.084 3734
1564.091 3735
1564.115 3736
1564.116 3737
1564.116 3738
1564.119 3739
1564.127 3740
1564.129 3741
1564.146 3742
1564.156 3743
1564.169 3744
1564.185 3745
1564.191 3746
1564.198 3747
1564.202 3748
1564.210 3749
1564.211 3750
1564.217 3751
1564.224 3752
1564.229 3753
1564.237 3754
1564.241 3755
1564.242 3756
1564.253 3757
1564.257 3758
1564.258 3759
1564.258 3760
1564.263 3761
1564.268 3762
1564.281 3763
1564.282 3764
1564.298 3765
1564.299 3766
1564.308 3767
1564.310 3768
1564.324 3769
1564.325 3770
1564.334 3771
1564.346 3772
1564.346 3773
1564.349 3774
1564.361 3775
1564.372 3776
1564.374 3777
1564.380 3778
1564.382 3779
1564.386 3780
1564.399 3781
1564.406 3782
1564.424 3783
1564.427 3784
1564.433 3785
1564.436 3786
1564.440 3787
1564.441 3788
1564.442 3789
1564.447 3790
1564.468 3791
1564.469 3792
1564.473 3793
1564.487 3794
1564.494 3795
1564.505 3796
1564.508 3797
1564.516 3798
1564.517 3799
1564.527 3800
1564.535 3801
1564.539 3802
1564.541 3803
1564.559 3804
1564.567 3805
1564.573 3806
1564.578 3807
1564.581 3808
1564.586 3809
1564.610 3810
1564.653 3811
1564.656 3812
1564.681 3813
1564.683 3814
1564.688 3815
1564.689 3816
1564.709 3817
1564.725 3818
1564.732 3819
1564.737 3820
1564.757 3821
1564.758 3822
1564.760 3823
1564.767 3824
1564.768 3825
1564.777 3826
1564.780 3827
1564.787 3828
1564.792 3829
1564.811 3830
1564.843 3831
1564.896 3832
1564.915 3833
1564.915 3834
1564.932 3835
1564.950 3836
1564.952 3837
1564.977 3838
1564.992 3839
1564.999 3840
1565.001 3841
1565.022 3842
1565.026 3843
1565.049 3844
1565.058 3845
1565.067 3846
1565.081 3847
1565.082 3848
1565.122 3849
1565.135 3850
1565.136 3851
1565.143 3852
1565.157 3853
1565.164 3854
1565.181 3855
1565.185 3856
1565.200 3857
1565.207 3858
1565.248 3859
1565.248 3860
1565.253 3861
1565.272 3862
1565.296 3863
1565.298 3864
1565.324 3865
1565.324 3866
1565.332 3867
1565.332 3868
1565.341 3869
1565.342 3870
1565.372 3871
1565.381 3872
1565.382 3873
1565.393 3874
1565.401 3875
1565.403 3876
1565.403 3877
1565.408 3878
1565.454 3879
1565.510 3880
1565.518 3881
1565.541 3882
1565.557 3883
1565.578 3884
1565.590 3885
1565.594 3886
1565.597 3887
1565.599 3888
1565.608 3889
1565.620 3890
1565.668 3891
1565.732 3892
1565.801 3893
