20121001    295950   37.6540  -119.0197      0.140   1.34    0.00    0.00   0.00          1
20121001    491625   37.6543  -119.0203      0.580   0.49    0.00    0.00   0.00          2
20121001    504341   37.6538  -119.0217      0.350   0.68    0.00    0.00   0.00          3
20121001   3195628   37.6542  -119.0232      0.370   0.27    0.00    0.00   0.00          4
20121001   3200392   37.6530  -119.0210      0.410   1.48    0.00    0.00   0.00          5
20121001   3463928   37.6537  -119.0232     -0.120   0.54    0.00    0.00   0.00          6
20121001   4131411   37.5893  -119.0062      1.810   0.70    0.00    0.00   0.00          7
20121001   4173694   37.5978  -119.0055      1.400   0.36    0.00    0.00   0.00          8
20121001   4231218   37.6522  -119.0237     -0.430   0.24    0.00    0.00   0.00          9
20121001   6123497   37.6335  -119.0373      0.300   1.67    0.00    0.00   0.00         10
20121001   6133912   37.6355  -119.0405      0.560   1.00    0.00    0.00   0.00         11
20121001   6141000   37.6322  -119.0352      1.420   0.36    0.00    0.00   0.00         12
20121001   6152409   37.6348  -119.0358      0.530   0.65    0.00    0.00   0.00         13
20121001   6155000   37.6343  -119.0358      0.890   0.17    0.00    0.00   0.00         14
20121001   7261394   37.6537  -119.0203      0.190   1.07    0.00    0.00   0.00         15
20121001   7412976   37.6325  -119.0428      0.480  -0.35    0.00    0.00   0.00         16
20121001   9300641   37.5890  -119.0063      2.260   0.83    0.00    0.00   0.00         17
20121001   9314228   37.6043  -119.0095      1.860   0.26    0.00    0.00   0.00         18
20121001  12273198   37.5970  -119.0012      1.540   0.23    0.00    0.00   0.00         19
20121001  14210174   37.6528  -119.0295     -0.730  -0.11    0.00    0.00   0.00         20
20121001  15011772   37.6548  -119.0220      0.080   0.60    0.00    0.00   0.00         21
20121001  15465912   37.5918  -119.1603      3.960   0.69    0.00    0.00   0.00         22
20121001  18584590   37.6057  -119.0052      1.800   0.59    0.00    0.00   0.00         23
20121002     44521   37.6003  -119.0048      1.690   0.16    0.00    0.00   0.00         24
20121002   3000722   37.6368  -119.0562     -1.310   0.36    0.00    0.00   0.00         25
20121002   4174740   37.6023  -119.0043      1.530   0.06    0.00    0.00   0.00         26
20121002   4232212   37.6313  -119.0263      1.910   0.12    0.00    0.00   0.00         27
20121002   5562020   37.6532  -119.0220     -0.250   0.18    0.00    0.00   0.00         28
20121002   6051117   37.6378  -119.0282      1.140  -0.16    0.00    0.00   0.00         29
20121002   6105627   37.6358  -119.0295      1.810   0.85    0.00    0.00   0.00         30
20121002   7342255   37.5943  -119.0142      3.030  -0.08    0.00    0.00   0.00         31
20121003   3381188   37.6568  -119.0222     -0.030   0.63    0.00    0.00   0.00         32
20121003   3384765   37.6562  -119.0228     -0.080   0.64    0.00    0.00   0.00         33
20121003   6170334   37.6522  -119.0215     -0.190   0.16    0.00    0.00   0.00         34
20121003   7421301   37.6248  -119.0580      0.090  -0.28    0.00    0.00   0.00         35
20121003   9474141   37.6340  -119.0582      0.060  -0.11    0.00    0.00   0.00         36
20121003   9474592   37.6363  -119.0553      0.060  -0.12    0.00    0.00   0.00         37
20121003  10291572   37.6353  -119.0588      0.480   0.26    0.00    0.00   0.00         38
20121003  11432965   37.6262  -119.0575      0.040  -0.30    0.00    0.00   0.00         39
20121003  12470221   37.6302  -119.0375      0.970   0.10    0.00    0.00   0.00         40
20121003  20285708   37.6313  -119.0448      0.330   0.80    0.00    0.00   0.00         41
20121003  20290764   37.6333  -119.0413      0.190   1.66    0.00    0.00   0.00         42
20121003  20291412   37.6327  -119.0425      0.660   1.88    0.00    0.00   0.00         43
20121003  20292764   37.6332  -119.0418     -0.300   0.99    0.00    0.00   0.00         44
20121003  20293696   37.6323  -119.0392      0.510   1.04    0.00    0.00   0.00         45
20121003  20294444   37.6292  -119.0448      1.650   0.75    0.00    0.00   0.00         46
20121003  20295934   37.6317  -119.0400      0.800   1.65    0.00    0.00   0.00         47
20121003  20304872   37.6307  -119.0407      0.740   0.44    0.00    0.00   0.00         48
20121003  20313890   37.6293  -119.0400      1.160   0.98    0.00    0.00   0.00         49
20121003  20373502   37.6340  -119.0408     -0.040   0.83    0.00    0.00   0.00         50
20121003  20393634   37.6055  -119.0038      2.170   0.29    0.00    0.00   0.00         51
20121004   4350877   37.6352  -119.0567      0.060   0.38    0.00    0.00   0.00         52
20121004   4503593   37.5992  -119.0063      2.180   0.39    0.00    0.00   0.00         53
20121004   5461013   37.5963  -119.0153      1.370  -0.08    0.00    0.00   0.00         54
20121004   9043145   37.6345  -119.0577      0.360  -0.26    0.00    0.00   0.00         55
20121004   9470703   37.5952  -119.0150      1.640  -0.05    0.00    0.00   0.00         56
20121004  11485921   37.6352  -119.0588      0.260   0.65    0.00    0.00   0.00         57
20121004  17495352   37.6357  -119.0413      0.260   0.87    0.00    0.00   0.00         58
20121005   3584655   37.6028  -119.0053      2.520   0.45    0.00    0.00   0.00         59
20121005   9020827   37.5898  -119.0012      1.580   0.25    0.00    0.00   0.00         60
20121006   3483804   37.6300  -119.1275      1.250   0.33    0.00    0.00   0.00         61
20121006   9580719   37.5837  -119.0030      1.810   0.53    0.00    0.00   0.00         62
20121006  10184312   37.5932  -119.0008      1.000   0.23    0.00    0.00   0.00         63
20121006  10270321   37.5942  -119.0033      2.710   0.21    0.00    0.00   0.00         64
20121006  10434192   37.5938  -119.0083      1.310   0.09    0.00    0.00   0.00         65
20121006  11105634   37.6052  -119.0108      1.820   0.21    0.00    0.00   0.00         66
20121006  11200503   37.6058  -119.0015      2.040   0.22    0.00    0.00   0.00         67
20121006  11305209   37.6070  -119.0005      1.320  -0.01    0.00    0.00   0.00         68
20121006  12334131   37.5957  -119.0388      2.940  -0.18    0.00    0.00   0.00         69
20121006  20513680   37.5898  -119.0008      1.420   1.13    0.00    0.00   0.00         70
20121007   4033642   37.6020  -119.0005      1.090   0.07    0.00    0.00   0.00         71
20121007   4340805   37.6337  -119.0487      1.030   0.00    0.00    0.00   0.00         72
20121007   5505292   37.6008  -119.0068      2.000  -0.05    0.00    0.00   0.00         73
20121007  15243277   37.6098  -119.0042      1.250   0.14    0.00    0.00   0.00         74
20121008   5320013   37.6323  -119.0465     13.360   0.50    0.00    0.00   0.00         75
20121008  16042047   37.6175  -119.0242      1.030  -0.12    0.00    0.00   0.00         76
20121008  18554402   37.5933  -119.0028      1.860   0.23    0.00    0.00   0.00         77
20121009   7355255   37.6105  -119.0137      1.960   0.09    0.00    0.00   0.00         78
20121009   7355675   37.6168  -119.0125      1.700   0.53    0.00    0.00   0.00         79
20121009   9344558   37.5947  -119.0030      1.750   0.52    0.00    0.00   0.00         80
20121009   9491626   37.6012  -119.0037      2.060   0.40    0.00    0.00   0.00         81
20121009  10012650   37.5837  -119.0065      2.260   1.20    0.00    0.00   0.00         82
20121009  11244503   37.5997  -119.0053      1.510   0.21    0.00    0.00   0.00         83
20121010   1531874   37.6465  -119.0445     -0.280   0.32    0.00    0.00   0.00         84
20121010   3344680   37.6000  -119.0123      1.950   0.01    0.00    0.00   0.00         85
20121010  10550233   37.6197  -119.0152      2.340   0.44    0.00    0.00   0.00         86
20121010  14344227   37.6072  -119.0127      1.610   0.32    0.00    0.00   0.00         87
20121010  18461088   37.5988  -119.0107      1.780  -0.06    0.00    0.00   0.00         88
20121010  19180808   37.6310  -119.0448      1.250   0.00    0.00    0.00   0.00         89
20121011  16324922   37.6033  -119.0103      1.710  -0.07    0.00    0.00   0.00         90
20121011  16490735   37.6338  -119.0420      2.340   0.12    0.00    0.00   0.00         91
20121011  16491604   37.6358  -119.0378      2.030   0.40    0.00    0.00   0.00         92
20121011  16492919   37.6365  -119.0347      1.770   0.33    0.00    0.00   0.00         93
20121011  20204788   37.6120  -119.0250      1.180  -0.18    0.00    0.00   0.00         94
20121011  20460028   37.6092  -119.0623      6.130   0.32    0.00    0.00   0.00         95
20121012   7493419   37.5963  -119.0043      1.570   0.25    0.00    0.00   0.00         96
20121012   8024572   37.6355  -119.0287      1.340   0.02    0.00    0.00   0.00         97
20121013   4291062   37.5957  -119.0013      1.560   0.39    0.00    0.00   0.00         98
20121013  15255837   37.5977  -119.0118      1.290   0.25    0.00    0.00   0.00         99
20121013  23091076   37.6543  -119.0237     -0.030   0.36    0.00    0.00   0.00        100
20121014  15161612   37.6018  -119.0263      1.220   0.33    0.00    0.00   0.00        101
20121014  15330281   37.6423  -119.0098      4.780  -0.09    0.00    0.00   0.00        102
20121014  15332743   37.6263  -119.0287      0.650  -0.10    0.00    0.00   0.00        103
20121014  15373607   37.6327  -119.0392      0.350  -0.35    0.00    0.00   0.00        104
20121014  16082089   37.6297  -119.0305      1.320   0.05    0.00    0.00   0.00        105
20121015   9200130   37.5743  -119.0132      3.750   0.46    0.00    0.00   0.00        106
20121015  20115440   37.5868  -119.0020      1.260   1.26    0.00    0.00   0.00        107
20121015  20122900   37.5938  -119.0015      1.670   0.36    0.00    0.00   0.00        108
20121015  20181792   37.5862  -119.0015      1.290   1.19    0.00    0.00   0.00        109
20121015  21100026   37.5943  -119.0042      1.250   0.36    0.00    0.00   0.00        110
20121015  21424840   37.5853  -119.0588      0.380  -0.29    0.00    0.00   0.00        111
20121015  22103640   37.5962  -119.0012      1.560   0.02    0.00    0.00   0.00        112
20121016   4044354   37.6243  -119.0463     -0.590  -0.23    0.00    0.00   0.00        113
20121016   7452983   37.5972  -119.0117      1.370  -0.11    0.00    0.00   0.00        114
20121016  11191615   37.5915  -119.0072      1.050   0.05    0.00    0.00   0.00        115
20121017  11555161   37.6232  -119.0520     -0.180  -0.42    0.00    0.00   0.00        116
20121017  13415406   37.6387  -119.0350     -1.150  -0.01    0.00    0.00   0.00        117
20121017  19180276   37.6005  -119.0042      1.730   0.25    0.00    0.00   0.00        118
20121017  23303136   37.6463  -119.0463     -0.140   0.24    0.00    0.00   0.00        119
20121018   3000973   37.5898  -119.0030      2.060   0.76    0.00    0.00   0.00        120
20121018   5240942   37.5970  -119.0080      1.040  -0.15    0.00    0.00   0.00        121
20121018   5552327   37.5962  -119.0053      1.130  -0.02    0.00    0.00   0.00        122
20121018   6281598   37.5955  -119.0007      1.270   0.09    0.00    0.00   0.00        123
20121018  14281594   37.6478  -119.0467     -0.530   0.32    0.00    0.00   0.00        124
20121018  15180784   37.5937  -119.0037      1.960   0.32    0.00    0.00   0.00        125
20121019   1101891   37.6360  -119.0362      0.250   0.58    0.00    0.00   0.00        126
20121019   1102879   37.6368  -119.0375      0.140   0.53    0.00    0.00   0.00        127
20121019   1103846   37.6317  -119.0378      1.170   0.75    0.00    0.00   0.00        128
20121019   1114171   37.6338  -119.0375      0.700   0.54    0.00    0.00   0.00        129
20121019   1151029   37.6333  -119.0393      0.620   1.10    0.00    0.00   0.00        130
20121019   1151381   37.6355  -119.0385     -0.530   0.27    0.00    0.00   0.00        131
20121019  16055073   37.5923  -119.0028      1.870   0.46    0.00    0.00   0.00        132
20121020    455040   37.5868  -119.0012      1.180   0.52    0.00    0.00   0.00        133
20121020   4421823   37.5923  -119.0017      1.270   0.25    0.00    0.00   0.00        134
20121020   4495906   37.6348  -119.0378      1.580  -0.36    0.00    0.00   0.00        135
20121020   4500384   37.6355  -119.0368      0.420   0.26    0.00    0.00   0.00        136
20121020   6591445   37.6023  -119.0150      1.020  -0.01    0.00    0.00   0.00        137
20121020  10553010   37.6405  -119.0318      1.440   0.10    0.00    0.00   0.00        138
20121020  10554955   37.6363  -119.0338      1.300  -0.36    0.00    0.00   0.00        139
20121020  10562782   37.6308  -119.0392      2.310   0.47    0.00    0.00   0.00        140
20121020  12553249   37.6273  -119.0047      0.990   0.55    0.00    0.00   0.00        141
20121020  14265779   37.5898  -119.0113      0.780  -0.07    0.00    0.00   0.00        142
20121020  14270930   37.6117  -119.0240      1.940  -0.08    0.00    0.00   0.00        143
20121020  14352270   37.5948  -119.0013      1.060   0.26    0.00    0.00   0.00        144
20121020  18032380   37.5807  -119.0343     -0.550  -0.25    0.00    0.00   0.00        145
20121021   4373137   37.5868  -119.0025      1.380   0.01    0.00    0.00   0.00        146
20121021   7433428   37.6282  -119.1272      3.610   0.70    0.00    0.00   0.00        147
20121021  17041984   37.6320  -119.1220      1.540   0.47    0.00    0.00   0.00        148
20121022   5052379   37.6190  -119.0198      0.740  -0.10    0.00    0.00   0.00        149
20121022   9354357   37.6557  -119.0232     -2.400   0.82    0.00    0.00   0.00        150
20121022   9360286   37.6387  -119.0463     -2.570   0.37    0.00    0.00   0.00        151
20121022   9363059   37.6405  -119.0442     -2.070   0.26    0.00    0.00   0.00        152
20121022   9363616   37.6305  -119.0335      1.380   0.61    0.00    0.00   0.00        153
20121022   9365510   37.6338  -119.0353      0.990   0.80    0.00    0.00   0.00        154
20121022  14394988   37.6273  -119.0273      1.830   0.62    0.00    0.00   0.00        155
20121022  14402649   37.6377  -119.0438     -0.170   0.26    0.00    0.00   0.00        156
20121022  14403334   37.6403  -119.0417      0.330   0.79    0.00    0.00   0.00        157
20121022  14421426   37.6243  -119.0303      2.380   0.82    0.00    0.00   0.00        158
20121022  14424187   37.6337  -119.0312      1.150   0.61    0.00    0.00   0.00        159
20121022  15115065   37.6310  -119.0343      1.080   0.25    0.00    0.00   0.00        160
20121022  15125911   37.6337  -119.0267      1.100   0.10    0.00    0.00   0.00        161
20121022  15324710   37.6000  -119.0043      2.020   0.65    0.00    0.00   0.00        162
20121022  15344604   37.6303  -119.0287      1.800   0.75    0.00    0.00   0.00        163
20121022  16254253   37.6325  -119.0305      0.990   0.50    0.00    0.00   0.00        164
20121023   4451827   37.5998  -119.0012      1.430   0.30    0.00    0.00   0.00        165
20121023   9592992   37.6292  -119.0793     18.360   1.22    0.00    0.00   0.00        166
20121023  15463918   37.6303  -119.0958     20.380   0.85    0.00    0.00   0.00        167
20121023  18045912   37.6148  -119.0512     20.080   0.81    0.00    0.00   0.00        168
20121023  19094342   37.6147  -119.0477     18.760   1.49    0.00    0.00   0.00        169
20121023  19372636   37.5825  -119.0013      3.150   0.47    0.00    0.00   0.00        170
20121024   4022218   37.5540  -119.0913     13.370   0.91    0.00    0.00   0.00        171
20121024   4522581   37.5993  -119.0032      1.320   0.17    0.00    0.00   0.00        172
20121024  10264223   37.5925  -119.0042      1.150   0.22    0.00    0.00   0.00        173
20121024  13510114   37.5882  -119.0178      2.060  -0.20    0.00    0.00   0.00        174
20121025   4241909   37.6367  -119.0352     -1.230   0.12    0.00    0.00   0.00        175
20121026   4145953   37.6318  -119.1387     12.430   0.58    0.00    0.00   0.00        176
20121026   7335727   37.6477  -119.0173      0.270  -0.07    0.00    0.00   0.00        177
20121026  16570052   37.6482  -119.0415     -0.700  -0.32    0.00    0.00   0.00        178
20121027     10129   37.6307  -119.0198      2.100   0.33    0.00    0.00   0.00        179
20121027   4264806   37.6423  -119.0888     13.410   0.47    0.00    0.00   0.00        180
20121027   6001397   37.5965  -119.0037      1.050   0.35    0.00    0.00   0.00        181
20121027   6024738   37.5987  -119.0045      1.020  -0.02    0.00    0.00   0.00        182
20121027   9255560   37.6247  -119.1358      2.220   0.21    0.00    0.00   0.00        183
20121027  10103155   37.5975  -119.0082      0.890  -0.06    0.00    0.00   0.00        184
20121027  19455332   37.5812  -119.0317      4.140   0.17    0.00    0.00   0.00        185
20121027  22551974   37.6302  -119.0390     18.080   0.52    0.00    0.00   0.00        186
20121027  23514752   37.6243  -119.0595     18.810   0.68    0.00    0.00   0.00        187
20121028    312760   37.6452  -119.0593     18.090   0.72    0.00    0.00   0.00        188
20121028    433667   37.6353  -119.0218      0.880  -0.06    0.00    0.00   0.00        189
20121029   1051207   37.6348  -119.0330      9.470   0.39    0.00    0.00   0.00        190
20121029   1410256   37.6233  -119.0798     21.450   0.89    0.00    0.00   0.00        191
20121029   2035147   37.6127  -119.0498     19.850   1.13    0.00    0.00   0.00        192
20121029   3142132   37.6297  -119.0548     20.180   0.66    0.00    0.00   0.00        193
20121029   3162667   37.6202  -119.0523     20.760   0.86    0.00    0.00   0.00        194
20121029   3570078   37.6258  -119.0227      3.160   0.42    0.00    0.00   0.00        195
20121029   5083717   37.6155  -119.0463     19.880   1.02    0.00    0.00   0.00        196
20121029   5330621   37.6218  -119.0513     19.720   0.82    0.00    0.00   0.00        197
20121029   6480113   37.6293  -119.0443     19.330   0.75    0.00    0.00   0.00        198
20121029   7034118   37.6203  -119.0492     19.380   0.65    0.00    0.00   0.00        199
20121029   7091096   37.6300  -119.0710     21.240   1.44    0.00    0.00   0.00        200
20121029   8170001   37.6255  -119.0465     19.920   1.03    0.00    0.00   0.00        201
20121029   8185531   37.6310  -119.0460     19.700   1.40    0.00    0.00   0.00        202
20121029   9173243   37.6315  -119.0447     19.330   0.72    0.00    0.00   0.00        203
20121029   9262274   37.6270  -119.0435     19.850   0.96    0.00    0.00   0.00        204
20121029   9341073   37.6148  -119.0502     19.680   0.75    0.00    0.00   0.00        205
20121029   9525540   37.6233  -119.0527     19.610   0.92    0.00    0.00   0.00        206
20121029  10034370   37.6138  -119.0392     20.870   0.93    0.00    0.00   0.00        207
20121029  10080842   37.6228  -119.0437     19.630   0.66    0.00    0.00   0.00        208
20121029  11220780   37.6148  -119.0480     19.570   0.89    0.00    0.00   0.00        209
20121029  11522905   37.6217  -119.0482     18.880   0.87    0.00    0.00   0.00        210
20121029  12103021   37.6217  -119.0453     20.720   0.81    0.00    0.00   0.00        211
20121029  12170120   37.6247  -119.0545     20.500   0.89    0.00    0.00   0.00        212
20121029  12203531   37.6207  -119.0372     19.700   0.83    0.00    0.00   0.00        213
20121029  12204084   37.6123  -119.0438     21.390   1.02    0.00    0.00   0.00        214
20121029  12321281   37.6280  -119.0400     18.320   0.66    0.00    0.00   0.00        215
20121029  12414714   37.6055  -119.0418     16.760   1.04    0.00    0.00   0.00        216
20121029  12433332   37.6252  -119.0427     19.910   1.12    0.00    0.00   0.00        217
20121029  12485068   37.6138  -119.0452     19.880   1.17    0.00    0.00   0.00        218
20121029  12524318   37.6132  -119.0492     18.300   0.99    0.00    0.00   0.00        219
20121029  13083295   37.6348  -119.0423     19.010   0.99    0.00    0.00   0.00        220
20121029  13144530   37.6437  -119.0432     21.740   0.79    0.00    0.00   0.00        221
20121029  13200567   37.6258  -119.0447     19.220   0.88    0.00    0.00   0.00        222
20121029  13322575   37.6252  -119.0660     20.880   1.19    0.00    0.00   0.00        223
20121029  13380907   37.6277  -119.0647     20.230   1.06    0.00    0.00   0.00        224
20121029  13381883   37.6225  -119.0515     19.770   0.66    0.00    0.00   0.00        225
20121029  13395198   37.6160  -119.0545     18.560   0.78    0.00    0.00   0.00        226
20121029  13412704   37.6118  -119.0598     21.130   0.81    0.00    0.00   0.00        227
20121029  13570275   37.6178  -119.0658     20.060   0.86    0.00    0.00   0.00        228
20121029  13580218   37.6218  -119.0427     18.600   0.87    0.00    0.00   0.00        229
20121029  14032630   37.6160  -119.0458     21.420   0.85    0.00    0.00   0.00        230
20121029  14035277   37.6133  -119.0592     18.970   0.82    0.00    0.00   0.00        231
20121029  14085049   37.6120  -119.0633     20.250   0.79    0.00    0.00   0.00        232
20121029  14191819   37.6188  -119.0523     18.880   0.98    0.00    0.00   0.00        233
20121029  14332576   37.6330  -119.0352     18.240   0.64    0.00    0.00   0.00        234
20121029  14373053   37.6152  -119.0505     19.180   1.21    0.00    0.00   0.00        235
20121029  14593904   37.6170  -119.0357     21.270   1.00    0.00    0.00   0.00        236
20121029  15024916   37.6150  -119.0528     19.650   0.96    0.00    0.00   0.00        237
20121029  15140919   37.6107  -119.0558     19.270   0.96    0.00    0.00   0.00        238
20121029  15212612   37.6357  -119.0402     18.850   1.24    0.00    0.00   0.00        239
20121029  15451377   37.6187  -119.0587     19.470   0.76    0.00    0.00   0.00        240
20121029  16055771   37.6145  -119.0592     19.120   0.85    0.00    0.00   0.00        241
20121029  16075587   37.6163  -119.0567     19.360   0.81    0.00    0.00   0.00        242
20121029  16274614   37.5742  -119.0485     14.250   0.85    0.00    0.00   0.00        243
20121029  16290546   37.6213  -119.0435     18.270   1.08    0.00    0.00   0.00        244
20121029  16313053   37.6283  -119.0487     18.960   0.67    0.00    0.00   0.00        245
20121029  16523957   37.6242  -119.0440     19.060   1.30    0.00    0.00   0.00        246
20121029  17341680   37.6740  -119.0397     17.740   0.92    0.00    0.00   0.00        247
20121029  17592556   37.6173  -119.0457     18.490   0.92    0.00    0.00   0.00        248
20121029  18162984   37.6175  -119.0495     19.360   0.74    0.00    0.00   0.00        249
20121029  18521564   37.6185  -119.0542     19.020   0.84    0.00    0.00   0.00        250
20121029  18555072   37.6350  -119.0450     18.500   0.63    0.00    0.00   0.00        251
20121029  19034008   37.6255  -119.0400     18.250   1.17    0.00    0.00   0.00        252
20121029  19045352   37.6230  -119.0472     18.950   0.93    0.00    0.00   0.00        253
20121029  19083028   37.6283  -119.0523     19.120   1.11    0.00    0.00   0.00        254
20121029  19245030   37.6397  -119.0235     16.950   0.56    0.00    0.00   0.00        255
20121029  19471270   37.6328  -119.0355     17.200   0.92    0.00    0.00   0.00        256
20121029  20045870   37.6262  -119.0395     18.240   1.08    0.00    0.00   0.00        257
20121029  20070888   37.6357  -119.0225     17.380   0.55    0.00    0.00   0.00        258
20121029  20244752   37.6133  -119.0422     17.290   0.74    0.00    0.00   0.00        259
20121029  20264972   37.6205  -119.0330     18.040   0.87    0.00    0.00   0.00        260
20121029  20345304   37.6290  -119.0288     17.460   0.86    0.00    0.00   0.00        261
20121029  20455376   37.6710  -119.0032     16.310   0.78    0.00    0.00   0.00        262
20121029  20544376   37.6255  -119.0340     17.070   0.87    0.00    0.00   0.00        263
20121029  21093934   37.6267  -119.0328     17.190   0.91    0.00    0.00   0.00        264
20121029  21110034   37.6103  -119.0313     16.910   0.64    0.00    0.00   0.00        265
20121029  21144716   37.6335  -119.0548     19.530   0.63    0.00    0.00   0.00        266
20121029  21361394   37.6318  -119.0340     17.970   0.61    0.00    0.00   0.00        267
20121029  22181228   37.6347  -119.0430     18.050   0.59    0.00    0.00   0.00        268
20121029  22364208   37.6200  -119.0370     18.310   1.29    0.00    0.00   0.00        269
20121029  22592696   37.6258  -119.0375     17.230   1.09    0.00    0.00   0.00        270
20121029  23052052   37.6283  -119.0397     19.960   0.94    0.00    0.00   0.00        271
20121029  23100270   37.6228  -119.0377     17.020   0.65    0.00    0.00   0.00        272
20121029  23230592   37.6272  -119.0438     17.900   0.91    0.00    0.00   0.00        273
20121029  23300058   37.6247  -119.0383     18.650   1.48    0.00    0.00   0.00        274
20121029  23355076   37.6358  -119.0292     17.440   0.75    0.00    0.00   0.00        275
20121030     44094   37.6192  -119.0375     17.230   0.89    0.00    0.00   0.00        276
20121030     80176   37.6228  -119.0408     18.250   0.94    0.00    0.00   0.00        277
20121030    153792   37.6162  -119.0363     17.200   1.54    0.00    0.00   0.00        278
20121030    441553   37.6183  -119.0372     16.530   0.73    0.00    0.00   0.00        279
20121030   1025392   37.6258  -119.0322     18.230   0.91    0.00    0.00   0.00        280
20121030   1104514   37.6167  -119.0460     18.850   0.94    0.00    0.00   0.00        281
20121030   1412766   37.6310  -119.0258     17.380   0.76    0.00    0.00   0.00        282
20121030   2364406   37.6202  -119.0365     17.520   1.56    0.00    0.00   0.00        283
20121030   3105383   37.6385  -119.0617     18.520   0.93    0.00    0.00   0.00        284
20121030   3120242   37.6152  -119.0410     17.720   1.16    0.00    0.00   0.00        285
20121030   4371171   37.6358  -119.0350     16.240   0.67    0.00    0.00   0.00        286
20121030   5095250   37.6208  -119.0470     18.780   0.80    0.00    0.00   0.00        287
20121030   6501974   37.6312  -119.0335     16.500   0.72    0.00    0.00   0.00        288
20121030   9053524   37.6183  -119.0085     -0.340   0.06    0.00    0.00   0.00        289
20121030   9433896   37.6443  -119.0475     16.650   0.61    0.00    0.00   0.00        290
20121030  14381167   37.6323  -119.0172      1.620   0.33    0.00    0.00   0.00        291
20121030  15304747   37.6348  -119.0198      1.350   0.04    0.00    0.00   0.00        292
20121030  21492714   37.6243  -119.0443     10.230   0.40    0.00    0.00   0.00        293
20121030  22342668   37.6338  -119.0172      1.240   0.35    0.00    0.00   0.00        294
20121031   8303604   37.6515  -119.0312     -0.950  -0.10    0.00    0.00   0.00        295
20121031   9170253   37.6365  -119.0342     16.250   0.55    0.00    0.00   0.00        296
20121031  10405818   37.5705  -119.0195      3.480   0.48    0.00    0.00   0.00        297
20121031  15253782   37.6070  -119.0530     18.870   0.81    0.00    0.00   0.00        298
20121031  23243040   37.6223  -119.1087     20.240   0.98    0.00    0.00   0.00        299
20121031  23400014   37.6045  -119.0603     20.420   1.25    0.00    0.00   0.00        300
20121031  23592636   37.6153  -119.0652     19.420   0.61    0.00    0.00   0.00        301
20121101   3333932   37.6058  -119.0817     21.330   0.89    0.00    0.00   0.00        302
20121102   7161817   37.6277  -119.0172      0.510   0.32    0.00    0.00   0.00        303
20121102  14555397   37.5860  -119.1168     28.760   1.10    0.00    0.00   0.00        304
20121103   9443706   37.6575  -119.1595     12.610   0.60    0.00    0.00   0.00        305
20121103  13181831   37.6008  -119.0620     19.920   0.82    0.00    0.00   0.00        306
20121103  13214495   37.6043  -119.0580     19.210   0.74    0.00    0.00   0.00        307
20121103  15262492   37.6148  -119.0500     18.720   0.77    0.00    0.00   0.00        308
20121103  16591219   37.6098  -119.0560     18.610   0.64    0.00    0.00   0.00        309
20121103  21073324   37.6102  -119.0677     19.460   0.80    0.00    0.00   0.00        310
20121104   2245461   37.6433  -119.0407     11.640   0.52    0.00    0.00   0.00        311
20121104   2253470   37.6343  -119.0287     11.520   0.40    0.00    0.00   0.00        312
20121104   4592409   37.6105  -119.0637     19.740   0.66    0.00    0.00   0.00        313
20121104   5263163   37.6095  -119.0682     19.820   0.65    0.00    0.00   0.00        314
20121104   7165036   37.6163  -119.0572     19.320   0.82    0.00    0.00   0.00        315
20121104   7201325   37.6325  -119.0503     12.190   0.27    0.00    0.00   0.00        316
20121104   7242884   37.6260  -119.1108     25.660   0.82    0.00    0.00   0.00        317
20121104   8261305   37.6200  -119.0625     19.570   0.84    0.00    0.00   0.00        318
20121104   9282190   37.6120  -119.0582     19.750   0.85    0.00    0.00   0.00        319
20121104  12550656   37.6213  -119.0362      9.410   0.22    0.00    0.00   0.00        320
20121106   5184362   37.6185  -119.0673     12.860   0.44    0.00    0.00   0.00        321
20121106   5271243   37.6257  -119.0567     14.840   0.63    0.00    0.00   0.00        322
20121106  11400948   37.5860  -119.0072      0.750  -0.14    0.00    0.00   0.00        323
20121106  14004392   37.6325  -119.0403      1.560  -0.31    0.00    0.00   0.00        324
20121106  14004786   37.6370  -119.0305      2.850  -0.23    0.00    0.00   0.00        325
20121106  21534364   37.5908  -119.0033      1.650   0.66    0.00    0.00   0.00        326
20121109  17342552   37.5945  -119.0053      0.490  -0.16    0.00    0.00   0.00        327
20121109  21322344   37.6162  -119.0912     19.920   0.93    0.00    0.00   0.00        328
20121110    181029   37.5975  -119.0683     20.180   0.94    0.00    0.00   0.00        329
20121110   9385264   37.6512  -119.1738      7.980   0.43    0.00    0.00   0.00        330
20121110  12373466   37.6327  -119.0745     13.610   0.45    0.00    0.00   0.00        331
20121110  16502052   37.6197  -119.0147      2.770   2.26    0.00    0.00   0.00        332
20121110  16533317   37.6225  -119.0118      1.840   0.38    0.00    0.00   0.00        333
20121110  18052664   37.6342  -119.0543      7.740   0.09    0.00    0.00   0.00        334
20121110  18331152   37.6302  -119.0195      0.030   0.24    0.00    0.00   0.00        335
20121110  21004246   37.6237  -119.0128      1.450   0.41    0.00    0.00   0.00        336
20121111   5303102   37.5968  -119.0055      0.770   0.06    0.00    0.00   0.00        337
20121111  14114309   37.6400  -119.1017      8.330   0.15    0.00    0.00   0.00        338
20121111  16054310   37.6185  -119.0867     12.810   0.49    0.00    0.00   0.00        339
20121111  19543652   37.5913  -119.0752      9.520   0.19    0.00    0.00   0.00        340
20121111  19552662   37.6288  -119.0725     13.370   0.71    0.00    0.00   0.00        341
20121112  16493964   37.6493  -119.0663     13.790   0.67    0.00    0.00   0.00        342
20121113   5424995   37.6117  -119.0602     21.430   0.83    0.00    0.00   0.00        343
20121113   8173041   37.6290  -119.0597     -2.740   0.10    0.00    0.00   0.00        344
20121113   8315689   37.5910  -119.0067      2.490   0.23    0.00    0.00   0.00        345
20121113  22105008   37.6210  -119.0493     18.070   0.61    0.00    0.00   0.00        346
20121114   1543735   37.6842  -119.1217     11.070   0.41    0.00    0.00   0.00        347
20121114   7253154   37.6263  -119.0123      1.780  -0.03    0.00    0.00   0.00        348
20121114  19262432   37.6132  -119.0628     17.610   0.93    0.00    0.00   0.00        349
20121114  19402136   37.6135  -119.0583     16.060   0.72    0.00    0.00   0.00        350
20121114  23113628   37.6108  -119.0628     17.700   0.94    0.00    0.00   0.00        351
20121115  15442170   37.6120  -119.0220      0.960  -0.12    0.00    0.00   0.00        352
20121115  18015336   37.6500  -119.0583     12.600   0.37    0.00    0.00   0.00        353
20121117   2265392   37.6145  -119.1122     13.760   0.55    0.00    0.00   0.00        354
20121117   2271961   37.6377  -119.1118     12.570   0.60    0.00    0.00   0.00        355
20121118   5092957   37.6325  -119.0240     16.330   0.86    0.00    0.00   0.00        356
20121118  11420923   37.6422  -119.0627     17.840   0.96    0.00    0.00   0.00        357
20121118  13211677   37.6318  -119.0493     19.530   0.69    0.00    0.00   0.00        358
20121118  14264787   37.6477  -119.0248     17.270   0.70    0.00    0.00   0.00        359
20121118  14331708   37.6327  -119.0418     18.220   1.24    0.00    0.00   0.00        360
20121118  15472193   37.6307  -119.0398     18.610   1.50    0.00    0.00   0.00        361
20121118  17484632   37.6235  -119.0523     19.210   0.96    0.00    0.00   0.00        362
20121118  21410214   37.6272  -119.0368     17.980   1.23    0.00    0.00   0.00        363
20121119   1554023   37.6458  -119.0547     17.560   0.74    0.00    0.00   0.00        364
20121119   7124501   37.6517  -119.0445     16.950   1.01    0.00    0.00   0.00        365
20121120   2332475   37.5945  -119.0088      1.010  -0.27    0.00    0.00   0.00        366
20121120   2391926   37.6552  -119.0405     12.140   0.33    0.00    0.00   0.00        367
20121120   8470667   37.5948  -119.1272      5.370   0.15    0.00    0.00   0.00        368
20121120  15584034   37.6423  -119.0977     12.700   0.40    0.00    0.00   0.00        369
20121121   6035216   37.6235  -119.0153      4.610  -0.16    0.00    0.00   0.00        370
20121121   6325290   37.6372  -119.0255     15.930   0.72    0.00    0.00   0.00        371
20121121   8281628   37.6027  -119.1263      5.290   0.38    0.00    0.00   0.00        372
20121121   9432355   37.5920  -119.1345      4.730   0.16    0.00    0.00   0.00        373
20121121  21062458   37.5968  -119.1315      4.870   0.42    0.00    0.00   0.00        374
20121122   3443686   37.6373  -119.0467     12.480   0.38    0.00    0.00   0.00        375
20121122   3452156   37.6325  -119.1135     13.430   0.49    0.00    0.00   0.00        376
20121122  10460403   37.6322  -119.0282      0.000   0.66    0.00    0.00   0.00        377
20121122  11244663   37.6427  -119.1878     10.260   0.73    0.00    0.00   0.00        378
20121122  14553192   37.5953  -119.1277      5.240   0.13    0.00    0.00   0.00        379
20121122  14555430   37.5957  -119.1312      5.450   0.16    0.00    0.00   0.00        380
20121122  20473096   37.5968  -119.1212      5.690   0.12    0.00    0.00   0.00        381
20121122  23113972   37.6320  -119.0263     -0.080   0.24    0.00    0.00   0.00        382
20121123  19532488   37.6292  -119.0658     13.280   0.35    0.00    0.00   0.00        383
20121123  20050812   37.6157  -119.0137      0.740   0.03    0.00    0.00   0.00        384
20121124   1330385   37.6112  -119.0423     17.940   1.13    0.00    0.00   0.00        385
20121124   2263975   37.6373  -119.0860     13.180   0.47    0.00    0.00   0.00        386
20121124   2291034   37.6560  -119.1183     10.150   0.19    0.00    0.00   0.00        387
20121124   2315824   37.6550  -119.1805     11.280   0.55    0.00    0.00   0.00        388
20121124   8462245   37.6275  -119.1283     13.190   0.71    0.00    0.00   0.00        389
20121124   8463350   37.6313  -119.0675     15.140   0.49    0.00    0.00   0.00        390
20121124  23574576   37.6077  -119.0218     17.240   0.70    0.00    0.00   0.00        391
20121125   5572061   37.6170  -119.0288     18.000   0.63    0.00    0.00   0.00        392
20121125  16474677   37.5905  -119.0137      1.550  -0.03    0.00    0.00   0.00        393
20121125  22225032   37.6265  -119.0230     16.170   0.68    0.00    0.00   0.00        394
20121125  23380814   37.6218  -119.0567     17.430   0.53    0.00    0.00   0.00        395
20121127  15042758   37.5852  -119.0238      2.150  -0.12    0.00    0.00   0.00        396
20121128  13390026   37.6558  -119.1222     10.870   0.40    0.00    0.00   0.00        397
20121128  14314270   37.6347  -119.0665      8.480   0.13    0.00    0.00   0.00        398
20121129   6563117   37.6115  -119.0205      1.830   0.43    0.00    0.00   0.00        399
20121130  12481953   37.6335  -119.0580     -0.170   0.24    0.00    0.00   0.00        400
20121130  19302952   37.6308  -119.0210      2.210   1.34    0.00    0.00   0.00        401
20121130  19431676   37.6382  -119.0257      2.760   0.38    0.00    0.00   0.00        402
20121130  19432658   37.6342  -119.0245      1.900   0.55    0.00    0.00   0.00        403
20121130  19433372   37.6373  -119.0290      0.990   0.31    0.00    0.00   0.00        404
20121203  10395060   37.6300  -119.0263      2.530   0.37    0.00    0.00   0.00        405
20121204  12151968   37.6328  -119.0290      2.260   0.69    0.00    0.00   0.00        406
20121205  21072404   37.6317  -119.0238      1.390   0.32    0.00    0.00   0.00        407
20121205  21081152   37.6300  -119.0282      2.250   1.44    0.00    0.00   0.00        408
20121205  21581082   37.6333  -119.0240      0.900   0.53    0.00    0.00   0.00        409
20121206   1285276   37.6323  -119.0240      1.180   0.02    0.00    0.00   0.00        410
20121206  10523713   37.6407  -119.0375      1.270   0.05    0.00    0.00   0.00        411
20121206  10524372   37.6395  -119.0280      1.480   0.03    0.00    0.00   0.00        412
20121206  11071420   37.6285  -119.0335      1.480   0.12    0.00    0.00   0.00        413
20121206  13075400   37.6332  -119.0292      2.160   0.33    0.00    0.00   0.00        414
20121206  20023262   37.6323  -119.0240      1.080   0.49    0.00    0.00   0.00        415
20121207   9150261   37.6375  -119.0347     11.770   0.45    0.00    0.00   0.00        416
20121207   9244616   37.6313  -119.0330     12.390   0.25    0.00    0.00   0.00        417
20121207   9550794   37.6390  -119.0225     10.680   0.41    0.00    0.00   0.00        418
20121207  15050450   37.6442  -119.0332     12.870   0.45    0.00    0.00   0.00        419
20121207  15174258   37.6387  -119.0243     11.960   0.72    0.00    0.00   0.00        420
20121207  15524222   37.6345  -119.0265     11.880   0.91    0.00    0.00   0.00        421
20121207  18533312   37.6287  -119.0285     13.650   0.55    0.00    0.00   0.00        422
20121207  19275818   37.6335  -119.0302     13.270   0.47    0.00    0.00   0.00        423
20121207  20055568   37.6263  -119.0335     13.220   0.77    0.00    0.00   0.00        424
20121207  21154620   37.6310  -119.0325     13.460   0.61    0.00    0.00   0.00        425
20121207  21315148   37.6333  -119.0270     12.900   0.52    0.00    0.00   0.00        426
20121207  22044216   37.6295  -119.0337     13.330   0.81    0.00    0.00   0.00        427
20121207  23595540   37.6323  -119.0280     13.540   0.74    0.00    0.00   0.00        428
20121208     34550   37.6310  -119.0270     13.620   0.57    0.00    0.00   0.00        429
20121208   1030852   37.6307  -119.0335     14.370   0.78    0.00    0.00   0.00        430
20121208   1105664   37.6203  -119.0405     13.840   0.57    0.00    0.00   0.00        431
20121208   1250463   37.6302  -119.0312     14.310   0.60    0.00    0.00   0.00        432
20121208   2042473   37.6260  -119.0320     13.840   0.77    0.00    0.00   0.00        433
20121208   2045108   37.6280  -119.0375     13.300   0.75    0.00    0.00   0.00        434
20121208   2094607   37.6332  -119.0298     13.870   0.77    0.00    0.00   0.00        435
20121208   2331184   37.6422  -119.0265     14.010   0.73    0.00    0.00   0.00        436
20121208   2342292   37.6335  -119.0330     13.460   0.37    0.00    0.00   0.00        437
20121208   2550822   37.6432  -119.0278     13.690   0.44    0.00    0.00   0.00        438
20121208   2551794   37.6323  -119.0243     13.310   0.57    0.00    0.00   0.00        439
20121208   2552460   37.6337  -119.0292     13.400   0.54    0.00    0.00   0.00        440
20121208   3264142   37.6277  -119.0465     15.650   0.50    0.00    0.00   0.00        441
20121208   9542731   37.6342  -119.0260     12.440   0.71    0.00    0.00   0.00        442
20121208  10060967   37.6247  -119.0392     13.520   0.56    0.00    0.00   0.00        443
20121209   1130145   37.6198  -119.0182      0.440  -0.02    0.00    0.00   0.00        444
20121209   6390680   37.6455  -119.0437      0.310   0.25    0.00    0.00   0.00        445
20121209   6402685   37.6443  -119.0440      0.420  -0.18    0.00    0.00   0.00        446
20121209   7014016   37.6460  -119.0447      0.780   0.32    0.00    0.00   0.00        447
20121209   7091925   37.6465  -119.0422      0.280   0.32    0.00    0.00   0.00        448
20121209   7105065   37.6467  -119.0425      0.460  -0.20    0.00    0.00   0.00        449
20121209   7225397   37.6452  -119.0397     -0.260  -0.05    0.00    0.00   0.00        450
20121209   7383777   37.6462  -119.0437      0.250   0.34    0.00    0.00   0.00        451
20121209   7544321   37.6452  -119.0432      0.140  -0.03    0.00    0.00   0.00        452
20121209   8041584   37.6372  -119.0753     14.680   0.58    0.00    0.00   0.00        453
20121209   8200044   37.6453  -119.0453      0.520   0.39    0.00    0.00   0.00        454
20121209   8305043   37.6455  -119.0437     -0.010   0.26    0.00    0.00   0.00        455
20121209  11085296   37.6452  -119.0462      0.740   0.33    0.00    0.00   0.00        456
20121209  11111367   37.6448  -119.0413     -0.060   0.11    0.00    0.00   0.00        457
20121209  11185784   37.6452  -119.0432     -0.040   0.34    0.00    0.00   0.00        458
20121209  11201993   37.6463  -119.0453      0.040   0.18    0.00    0.00   0.00        459
20121209  11245466   37.6450  -119.0432      0.090   0.00    0.00    0.00   0.00        460
20121209  11332133   37.6448  -119.0468      0.790   0.31    0.00    0.00   0.00        461
20121209  11494290   37.6470  -119.0438      0.240   0.32    0.00    0.00   0.00        462
20121209  11534547   37.6475  -119.0467      0.360   0.35    0.00    0.00   0.00        463
20121209  12211447   37.6450  -119.0387     -0.510  -0.01    0.00    0.00   0.00        464
20121209  12560255   37.6402  -119.0805      7.430   0.27    0.00    0.00   0.00        465
20121209  16055000   37.6453  -119.0435      0.220   0.21    0.00    0.00   0.00        466
20121209  16071685   37.6452  -119.0462      0.370   0.41    0.00    0.00   0.00        467
20121210   9163344   37.6398  -119.0562      8.630   0.08    0.00    0.00   0.00        468
20121210  10222403   37.6187  -119.0190      1.160   0.32    0.00    0.00   0.00        469
20121210  23511760   37.6360  -119.0518     12.380   0.34    0.00    0.00   0.00        470
20121211   3002157   37.6352  -119.0408      8.730   0.08    0.00    0.00   0.00        471
20121212  18453760   37.6430  -119.0935      1.090   0.52    0.00    0.00   0.00        472
20121213  13445209   37.6248  -119.0962     14.470   0.77    0.00    0.00   0.00        473
20121213  13485845   37.6430  -119.0667     12.670   0.41    0.00    0.00   0.00        474
20121214  13541467   37.6287  -119.0290     14.670   0.65    0.00    0.00   0.00        475
20121214  16364085   37.6293  -119.0288     14.870   0.75    0.00    0.00   0.00        476
20121214  17060836   37.6335  -119.0242     14.280   0.78    0.00    0.00   0.00        477
20121214  17505968   37.6303  -119.0270     14.840   0.79    0.00    0.00   0.00        478
20121214  19003570   37.6612  -119.0227     11.430   0.31    0.00    0.00   0.00        479
20121215    443267   37.6333  -119.0262     14.520   0.61    0.00    0.00   0.00        480
20121215   1110781   37.6307  -119.0267     15.020   0.81    0.00    0.00   0.00        481
20121215   1421155   37.6247  -119.0318     15.530   0.82    0.00    0.00   0.00        482
20121215   6495916   37.6313  -119.0300     14.340   0.61    0.00    0.00   0.00        483
20121215   9581581   37.6302  -119.0328     16.760   1.02    0.00    0.00   0.00        484
20121215  23354132   37.6302  -119.0308     16.760   0.88    0.00    0.00   0.00        485
20121216   4591706   37.6285  -119.0313     15.790   0.84    0.00    0.00   0.00        486
20121216   5223664   37.6713  -119.1820      7.850   0.38    0.00    0.00   0.00        487
20121216   5224787   37.6328  -119.0435     13.070   0.47    0.00    0.00   0.00        488
20121216   5253884   37.6423  -119.0788     13.860   0.56    0.00    0.00   0.00        489
20121216   7420478   37.6340  -119.0557     13.100   0.31    0.00    0.00   0.00        490
20121216   7462684   37.6385  -119.0583     13.940   0.49    0.00    0.00   0.00        491
20121216   8440018   37.6402  -119.0363     16.550   0.73    0.00    0.00   0.00        492
20121216   9503078   37.6355  -119.0463     13.600   0.38    0.00    0.00   0.00        493
20121216  10121862   37.6253  -119.0423     15.360   0.64    0.00    0.00   0.00        494
20121216  10194812   37.6545  -119.0345     15.610   0.53    0.00    0.00   0.00        495
20121216  19153346   37.6037  -119.0128      0.410   0.31    0.00    0.00   0.00        496
20121216  20215670   37.6215  -119.0325     16.330   1.66    0.00    0.00   0.00        497
20121219   9560729   37.6618  -119.1163     10.300   0.30    0.00    0.00   0.00        498
20121219  23382464   37.6258  -119.0423     13.190   0.49    0.00    0.00   0.00        499
20121219  23430594   37.6402  -119.0745     13.120   0.48    0.00    0.00   0.00        500
20121221  22590312   37.6060  -119.0130      1.380   0.04    0.00    0.00   0.00        501
20121222   2275282   37.6410  -119.1250      3.020   0.07    0.00    0.00   0.00        502
20121222   2500260   37.6578  -119.0302     -0.510   0.89    0.00    0.00   0.00        503
20121222   5465530   37.6430  -119.1217      2.720   0.24    0.00    0.00   0.00        504
20121222   7174879   37.6563  -119.1578      8.350   0.39    0.00    0.00   0.00        505
20121222   7542992   37.6300  -119.0567     -0.750   0.30    0.00    0.00   0.00        506
20121222   8003997   37.6283  -119.0515     -0.360   0.30    0.00    0.00   0.00        507
20121222   9055289   37.6300  -119.0542     -1.590   0.00    0.00    0.00   0.00        508
20121222  13283631   37.6013  -119.0323      1.860   0.04    0.00    0.00   0.00        509
20121223  17214620   37.6440  -119.0305      4.200   0.13    0.00    0.00   0.00        510
20121224  23423718   37.5940  -119.0168      1.970  -0.03    0.00    0.00   0.00        511
20121226   2060953   37.6325  -119.0463      8.400   0.17    0.00    0.00   0.00        512
20121226   7321642   37.6255  -119.0473     15.960   0.67    0.00    0.00   0.00        513
20121227   4411773   37.6038  -119.0690     15.940   0.69    0.00    0.00   0.00        514
20121227   4504654   37.6288  -119.0572     15.440   0.67    0.00    0.00   0.00        515
20121227   6381693   37.6192  -119.0723     16.240   0.71    0.00    0.00   0.00        516
20121227   6590825   37.6482  -119.0072      4.050   0.01    0.00    0.00   0.00        517
20121227   7170252   37.6112  -119.0848     15.860   0.67    0.00    0.00   0.00        518
20121227   7282343   37.6060  -119.0717     14.730   0.67    0.00    0.00   0.00        519
20121227   7544940   37.6267  -119.0553     14.980   0.66    0.00    0.00   0.00        520
20121227   8195424   37.6327  -119.0498     14.840   0.67    0.00    0.00   0.00        521
20121227   8305785   37.6165  -119.0705     15.430   0.76    0.00    0.00   0.00        522
20121227   9144767   37.6055  -119.0667     13.980   0.64    0.00    0.00   0.00        523
20121227   9315302   37.6198  -119.0683     16.010   0.69    0.00    0.00   0.00        524
20121227   9355376   37.6112  -119.0630     14.570   0.70    0.00    0.00   0.00        525
20121227   9512280   37.6095  -119.0753     16.420   0.71    0.00    0.00   0.00        526
20121227  10083511   37.6283  -119.1395      6.120   0.51    0.00    0.00   0.00        527
20121227  10143783   37.6162  -119.0677     17.220   0.88    0.00    0.00   0.00        528
20121227  10245827   37.6122  -119.0732     16.500   0.73    0.00    0.00   0.00        529
20121227  11150074   37.6050  -119.0705     14.540   0.66    0.00    0.00   0.00        530
20121227  11214423   37.6165  -119.0650     15.710   0.67    0.00    0.00   0.00        531
20121227  11251559   37.6107  -119.0675     15.060   0.72    0.00    0.00   0.00        532
20121227  12113304   37.6052  -119.0673     15.480   0.69    0.00    0.00   0.00        533
20121227  12355347   37.6105  -119.0668     15.310   0.74    0.00    0.00   0.00        534
20121227  12363343   37.6077  -119.0732     16.330   0.71    0.00    0.00   0.00        535
20121227  12554617   37.6077  -119.0752     16.350   0.77    0.00    0.00   0.00        536
20121227  13094469   37.6038  -119.0658     14.670   0.72    0.00    0.00   0.00        537
20121227  13340452   37.6088  -119.0788     15.940   0.69    0.00    0.00   0.00        538
20121227  14493676   37.6077  -119.0725     15.880   0.72    0.00    0.00   0.00        539
20121227  14560414   37.6143  -119.0918     15.890   0.68    0.00    0.00   0.00        540
20121227  15524654   37.6037  -119.0685     15.360   0.66    0.00    0.00   0.00        541
20121227  16062234   37.6093  -119.0725     15.200   0.67    0.00    0.00   0.00        542
20121227  16194856   37.6083  -119.0702     15.640   0.73    0.00    0.00   0.00        543
20121227  16213640   37.6185  -119.1168     13.900   0.65    0.00    0.00   0.00        544
20121227  16220527   37.6167  -119.0702     17.130   0.75    0.00    0.00   0.00        545
20121227  16262239   37.6085  -119.0620     15.490   0.69    0.00    0.00   0.00        546
20121227  17112212   37.6118  -119.0610     15.530   0.59    0.00    0.00   0.00        547
20121227  17561766   37.6048  -119.0707     15.340   0.54    0.00    0.00   0.00        548
20121227  18061244   37.6127  -119.0632     16.220   0.71    0.00    0.00   0.00        549
20121227  18092026   37.6060  -119.0703     15.590   1.03    0.00    0.00   0.00        550
20121227  19353900   37.6082  -119.0840     14.860   0.67    0.00    0.00   0.00        551
20121227  19472022   37.6077  -119.0828     14.830   0.92    0.00    0.00   0.00        552
20121227  20530886   37.6282  -119.0358     12.880   0.55    0.00    0.00   0.00        553
20121227  20541492   37.6255  -119.0077     15.620   0.52    0.00    0.00   0.00        554
20121227  21065556   37.6002  -119.0632     16.330   1.07    0.00    0.00   0.00        555
20121227  22574424   37.6140  -119.0675     15.230   0.97    0.00    0.00   0.00        556
20121227  23001504   37.6203  -119.0737     15.500   0.76    0.00    0.00   0.00        557
20121228   1390109   37.6300  -119.0353      2.540   0.01    0.00    0.00   0.00        558
20121228   2131313   37.6133  -119.0682     14.990   0.57    0.00    0.00   0.00        559
20121228   2314311   37.6338  -119.0243      1.920  -0.01    0.00    0.00   0.00        560
20121228   2320204   37.6332  -119.0253      1.970   0.18    0.00    0.00   0.00        561
20121228   2321607   37.6340  -119.0248      2.100   0.04    0.00    0.00   0.00        562
20121228   2331902   37.6342  -119.0247      1.730  -0.03    0.00    0.00   0.00        563
20121228   2332787   37.6332  -119.0240      2.150  -0.35    0.00    0.00   0.00        564
20121228   4513181   37.6323  -119.0360      8.780   0.18    0.00    0.00   0.00        565
20121228   7221729   37.5990  -119.0598     15.440   0.78    0.00    0.00   0.00        566
20121229   7351487   37.6320  -119.0877     12.420   0.52    0.00    0.00   0.00        567
20121229  10033504   37.6365  -119.0472      0.620  -0.20    0.00    0.00   0.00        568
20121229  19030774   37.6435  -119.0382     -0.160   0.34    0.00    0.00   0.00        569
20121229  19574440   37.6108  -119.0688     13.070   0.50    0.00    0.00   0.00        570
20121229  22394032   37.6588  -119.0833     13.010   0.55    0.00    0.00   0.00        571
20121230    574980   37.6438  -119.0307     -0.610   0.00    0.00    0.00   0.00        572
20121230   5333158   37.6648  -119.1742     -2.850   0.53    0.00    0.00   0.00        573
20121230   8045158   37.6578  -119.1755     11.860   0.67    0.00    0.00   0.00        574
20121231  14210101   37.6308  -119.0425     -1.580   0.31    0.00    0.00   0.00        575
20121231  22370246   37.6762  -119.0452     17.770   0.79    0.00    0.00   0.00        576
20121231  22453240   37.6488  -119.0450     13.590   0.37    0.00    0.00   0.00        577
20130101   3322868   37.5833  -119.0280      2.560  -0.03    0.00    0.00   0.00        578
20130101   8121786   37.6512  -119.1882      1.650   0.41    0.00    0.00   0.00        579
20130101  19221614   37.6452  -119.0185     -1.320   0.52    0.00    0.00   0.00        580
20130102  13440754   37.6328  -119.0327      0.200   0.64    0.00    0.00   0.00        581
20130103  11014211   37.6205  -119.0235      0.640   0.04    0.00    0.00   0.00        582
20130103  15182708   37.6463  -119.1132      8.180   0.31    0.00    0.00   0.00        583
20130103  18415704   37.6333  -119.0883     13.800   0.38    0.00    0.00   0.00        584
20130104   8383970   37.5950  -119.0115      1.460   0.11    0.00    0.00   0.00        585
20130104   8535949   37.6320  -119.0365     11.590   0.41    0.00    0.00   0.00        586
20130104   9310178   37.6332  -119.0262     10.280   0.40    0.00    0.00   0.00        587
20130104  10015274   37.6338  -119.0337     12.340   0.77    0.00    0.00   0.00        588
20130104  12164391   37.6323  -119.0265     10.360   0.53    0.00    0.00   0.00        589
20130104  12384942   37.6310  -119.0243     10.280   0.45    0.00    0.00   0.00        590
20130104  13270770   37.6523  -119.1392     10.430   0.58    0.00    0.00   0.00        591
20130104  14213391   37.6340  -119.0262     10.560   0.64    0.00    0.00   0.00        592
20130104  14564550   37.6373  -119.0185      9.540   0.34    0.00    0.00   0.00        593
20130104  15175409   37.6325  -119.0222     10.000   0.47    0.00    0.00   0.00        594
20130104  15315062   37.6263  -119.0342     10.950   0.41    0.00    0.00   0.00        595
20130104  15521252   37.6322  -119.0312     10.140   0.50    0.00    0.00   0.00        596
20130104  15540655   37.6328  -119.0233     10.030   0.44    0.00    0.00   0.00        597
20130104  15572350   37.6323  -119.0277     10.770   0.41    0.00    0.00   0.00        598
20130104  17001162   37.6365  -119.0448     11.330   0.36    0.00    0.00   0.00        599
20130104  19530064   37.6403  -119.0290     11.440   0.76    0.00    0.00   0.00        600
20130105   2362712   37.6520  -119.0473     -0.470  -0.05    0.00    0.00   0.00        601
20130105  12160415   37.6425  -119.1858      5.930   0.50    0.00    0.00   0.00        602
20130106  16331336   37.5938  -119.0100      2.110   0.27    0.00    0.00   0.00        603
20130106  20595454   37.5908  -119.0000      1.160  -0.02    0.00    0.00   0.00        604
20130107   9583283   37.5822  -119.0112      2.000   0.20    0.00    0.00   0.00        605
20130107  23000702   37.6322  -119.0210      1.630   0.87    0.00    0.00   0.00        606
20130108   3210144   37.6738  -119.0765      7.850   0.13    0.00    0.00   0.00        607
20130108   8533872   37.6608  -119.0525     13.230   0.50    0.00    0.00   0.00        608
20130108  11521395   37.6488  -119.0557     -0.230  -0.20    0.00    0.00   0.00        609
20130108  12013653   37.6302  -119.0408     13.120   0.49    0.00    0.00   0.00        610
20130108  12235615   37.6435  -119.1023     13.240   0.73    0.00    0.00   0.00        611
20130109  10255813   37.6323  -119.0295      2.550   0.20    0.00    0.00   0.00        612
20130110   2053427   37.5977  -119.0183      5.990   0.42    0.00    0.00   0.00        613
20130110   2080134   37.5923  -119.0230      6.700   0.58    0.00    0.00   0.00        614
20130110   2144725   37.5972  -119.0190      6.110   0.61    0.00    0.00   0.00        615
20130110   4343652   37.6315  -119.0210      1.750   0.46    0.00    0.00   0.00        616
20130110   9252581   37.5700  -119.0018      0.740   1.97    0.00    0.00   0.00        617
20130110  12060637   37.5763  -119.0025      1.200   1.46    0.00    0.00   0.00        618
20130110  20235400   37.5717  -119.0058      2.720   1.37    0.00    0.00   0.00        619
20130110  21065430   37.5768  -119.0035      1.900   1.45    0.00    0.00   0.00        620
20130111   9102298   37.5767  -119.0002      0.990   1.27    0.00    0.00   0.00        621
20130111   9121487   37.5727  -119.0003      0.590   1.72    0.00    0.00   0.00        622
20130111  19220228   37.6392  -119.0688     12.430   0.55    0.00    0.00   0.00        623
20130112  20180872   37.6303  -119.0187     10.540   0.29    0.00    0.00   0.00        624
20130113   7494085   37.5907  -119.0017      1.670   0.13    0.00    0.00   0.00        625
20130114  13363386   37.5778  -119.0022      1.640   0.78    0.00    0.00   0.00        626
20130115    274488   37.6310  -119.0345      3.090   0.60    0.00    0.00   0.00        627
20130115    282023   37.6330  -119.0290      2.560   0.58    0.00    0.00   0.00        628
20130115    290693   37.6338  -119.0275      1.740   0.33    0.00    0.00   0.00        629
20130115    303479   37.6343  -119.0337      1.710   0.73    0.00    0.00   0.00        630
20130115    323468   37.6317  -119.0345      2.740   0.18    0.00    0.00   0.00        631
20130115  16402583   37.6322  -119.0443      2.340   0.26    0.00    0.00   0.00        632
20130115  16413748   37.6325  -119.0318      2.590   0.50    0.00    0.00   0.00        633
20130115  16414826   37.6317  -119.0327      2.680   0.71    0.00    0.00   0.00        634
20130115  16421127   37.6278  -119.0310      4.230   0.32    0.00    0.00   0.00        635
20130115  16423378   37.6340  -119.0378      2.060   0.87    0.00    0.00   0.00        636
20130115  16430965   37.6340  -119.0333      1.560   0.33    0.00    0.00   0.00        637
20130115  16474081   37.6352  -119.0328      1.580  -0.33    0.00    0.00   0.00        638
20130115  16480181   37.6380  -119.0270      0.600   0.23    0.00    0.00   0.00        639
20130115  16480432   37.6405  -119.0227     -0.350   0.02    0.00    0.00   0.00        640
20130115  16540998   37.6295  -119.0345      3.050   0.52    0.00    0.00   0.00        641
20130116   3561537   37.6368  -119.0278     12.850   0.38    0.00    0.00   0.00        642
20130116  10191206   37.6362  -119.0417      2.090   0.33    0.00    0.00   0.00        643
20130116  10192093   37.6347  -119.0423      2.250   0.73    0.00    0.00   0.00        644
20130116  10210933   37.6312  -119.1275      5.900   0.28    0.00    0.00   0.00        645
20130116  13420402   37.5970  -119.0013      2.080   0.03    0.00    0.00   0.00        646
20130116  14384908   37.6357  -119.0517      1.790  -0.02    0.00    0.00   0.00        647
20130117   3324202   37.6310  -119.0317     11.330   0.41    0.00    0.00   0.00        648
20130117   6520445   37.6258  -119.0370      9.030   0.21    0.00    0.00   0.00        649
20130117   6521954   37.6123  -119.0132     10.770   0.39    0.00    0.00   0.00        650
20130117   7060486   37.6323  -119.0402      8.940   0.33    0.00    0.00   0.00        651
20130117  11172375   37.6518  -119.1135      8.550   0.39    0.00    0.00   0.00        652
20130117  12451934   37.6357  -119.0608      1.040  -0.09    0.00    0.00   0.00        653
20130117  12464139   37.6357  -119.0605      1.250  -0.10    0.00    0.00   0.00        654
20130117  18191314   37.6462  -119.0290      0.390   0.30    0.00    0.00   0.00        655
20130117  18194344   37.6457  -119.0272      0.620   0.71    0.00    0.00   0.00        656
20130117  18263734   37.6468  -119.0313      0.060  -0.03    0.00    0.00   0.00        657
20130117  18264264   37.6470  -119.0278      0.250   0.39    0.00    0.00   0.00        658
20130117  18264590   37.6503  -119.0272      0.100   0.69    0.00    0.00   0.00        659
20130118   4005857   37.6258  -119.0368      0.030  -0.35    0.00    0.00   0.00        660
20130118  21325280   37.6188  -119.0453     14.470   0.61    0.00    0.00   0.00        661
20130119   4200485   37.6187  -119.0065      1.380   0.35    0.00    0.00   0.00        662
20130119   4304054   37.6223  -119.0085      1.090   0.21    0.00    0.00   0.00        663
20130119   9371162   37.6403  -119.0438     11.450   0.28    0.00    0.00   0.00        664
20130119  10480308   37.6442  -119.0670     12.390   0.31    0.00    0.00   0.00        665
20130119  12155905   37.5760  -119.0030      1.380   0.05    0.00    0.00   0.00        666
20130119  12485581   37.6115  -119.0087      0.840   0.37    0.00    0.00   0.00        667
20130119  20332744   37.6342  -119.0287      2.990   0.27    0.00    0.00   0.00        668
20130120   2522275   37.6323  -119.0215      1.770  -0.02    0.00    0.00   0.00        669
20130120   2524213   37.6302  -119.0252      1.720  -0.27    0.00    0.00   0.00        670
20130120   6360119   37.6225  -119.0413     13.040   0.72    0.00    0.00   0.00        671
20130120   6363923   37.6438  -119.0628     12.850   0.25    0.00    0.00   0.00        672
20130120   6364843   37.6545  -119.1775     12.420   0.48    0.00    0.00   0.00        673
20130120   6391216   37.6332  -119.0383     13.380   0.43    0.00    0.00   0.00        674
20130120   8552030   37.6317  -119.0808     14.260   0.55    0.00    0.00   0.00        675
20130120   8573458   37.6545  -119.1273     13.470   0.44    0.00    0.00   0.00        676
20130120  20514124   37.5757  -119.0015      0.780   0.41    0.00    0.00   0.00        677
20130121   3450611   37.6388  -119.0532      5.010  -0.12    0.00    0.00   0.00        678
20130121   3493783   37.6383  -119.0542      4.920  -0.18    0.00    0.00   0.00        679
20130121   4042179   37.6363  -119.0547      5.100  -0.17    0.00    0.00   0.00        680
20130121   4113133   37.6378  -119.0557      4.800  -0.14    0.00    0.00   0.00        681
20130121   7104849   37.6393  -119.0523      4.930  -0.17    0.00    0.00   0.00        682
20130121   9122068   37.6360  -119.0533      4.800  -0.18    0.00    0.00   0.00        683
20130121   9122969   37.6388  -119.0520      4.830  -0.21    0.00    0.00   0.00        684
20130121   9240931   37.6390  -119.0530      4.510   0.03    0.00    0.00   0.00        685
20130122   4002822   37.6467  -119.0677     12.110   0.24    0.00    0.00   0.00        686
20130122   9231688   37.6388  -119.0532      4.680  -0.16    0.00    0.00   0.00        687
20130122  15022620   37.6503  -119.0333     -0.890   0.35    0.00    0.00   0.00        688
20130122  15023831   37.6472  -119.0307     -0.350  -0.04    0.00    0.00   0.00        689
20130122  15033086   37.6498  -119.0370     -0.490   0.27    0.00    0.00   0.00        690
20130122  15044730   37.6478  -119.0315     -0.400   0.23    0.00    0.00   0.00        691
20130122  15050270   37.6483  -119.0338     -0.630   0.24    0.00    0.00   0.00        692
20130122  15053614   37.6483  -119.0327     -0.340   0.31    0.00    0.00   0.00        693
20130122  15133843   37.6477  -119.0302     -0.590  -0.05    0.00    0.00   0.00        694
20130122  15142277   37.6463  -119.0325      0.140   0.28    0.00    0.00   0.00        695
20130122  15221455   37.6463  -119.0338     -0.270  -0.05    0.00    0.00   0.00        696
20130123   2404536   37.6287  -119.0273     -1.810   0.20    0.00    0.00   0.00        697
20130123   2412785   37.6302  -119.0273     -1.720   0.79    0.00    0.00   0.00        698
20130123   2420200   37.6373  -119.0217     -1.370   0.47    0.00    0.00   0.00        699
20130123   7384030   37.6375  -119.0467     -0.120   0.69    0.00    0.00   0.00        700
20130123   7385133   37.6343  -119.0373      1.190   0.52    0.00    0.00   0.00        701
20130123   7390027   37.6423  -119.0367      0.660   0.23    0.00    0.00   0.00        702
20130123   7395014   37.6358  -119.0298     -0.480   0.19    0.00    0.00   0.00        703
20130123   7420833   37.6362  -119.0348      1.170   0.09    0.00    0.00   0.00        704
20130123   7421347   37.6375  -119.0360      0.420   0.07    0.00    0.00   0.00        705
20130123   7422009   37.6378  -119.0380      0.780   0.86    0.00    0.00   0.00        706
20130123   7423036   37.6348  -119.0353      1.040   0.87    0.00    0.00   0.00        707
20130123   7424325   37.6350  -119.0355      1.620   0.87    0.00    0.00   0.00        708
20130123   7430321   37.6362  -119.0338      1.290   0.26    0.00    0.00   0.00        709
20130123   7441175   37.6358  -119.0348      1.180   0.04    0.00    0.00   0.00        710
20130123   7442624   37.6383  -119.0407      0.180   0.80    0.00    0.00   0.00        711
20130123   8004050   37.5995  -119.0065      0.670   0.51    0.00    0.00   0.00        712
20130123   8310821   37.6273  -119.0383     -0.310  -0.26    0.00    0.00   0.00        713
20130123  20075974   37.6318  -119.0392      1.800   0.56    0.00    0.00   0.00        714
20130124   6235448   37.6047  -119.0973      7.360   1.35    0.00    0.00   0.00        715
20130125  14483285   37.6412  -119.0410      0.150  -0.40    0.00    0.00   0.00        716
20130125  15371560   37.6428  -119.0205     -0.580  -0.07    0.00    0.00   0.00        717
20130125  15501505   37.6455  -119.0217     -0.230  -0.21    0.00    0.00   0.00        718
20130125  17082482   37.5867  -119.0098      0.410   0.39    0.00    0.00   0.00        719
20130125  21503148   37.6345  -119.0495     11.560   0.42    0.00    0.00   0.00        720
20130125  21560296   37.6003  -119.0153      1.180   0.37    0.00    0.00   0.00        721
20130127   2440557   37.6475  -119.0898     12.860   0.75    0.00    0.00   0.00        722
20130127  21001982   37.5897  -119.0030      1.980  -0.18    0.00    0.00   0.00        723
20130128    550446   37.6292  -119.0475     15.650   0.46    0.00    0.00   0.00        724
20130128   3164748   37.6190  -119.0170      0.380   0.19    0.00    0.00   0.00        725
20130128   3374470   37.6247  -119.0115      0.550   0.37    0.00    0.00   0.00        726
20130128   3433042   37.6245  -119.0137     -0.000   0.14    0.00    0.00   0.00        727
20130128   3450844   37.6273  -119.0118     -0.090   0.15    0.00    0.00   0.00        728
20130128   3502842   37.6305  -119.0317     -2.860   0.88    0.00    0.00   0.00        729
20130128   4033884   37.6292  -119.0525     -2.800   0.56    0.00    0.00   0.00        730
20130128   9163212   37.6358  -119.0245      0.010   0.73    0.00    0.00   0.00        731
20130128   9331187   37.6288  -119.0322     -0.530  -0.15    0.00    0.00   0.00        732
20130128   9331623   37.6243  -119.0210     -0.090   0.05    0.00    0.00   0.00        733
20130128   9380771   37.6437  -119.0565     -2.620   1.07    0.00    0.00   0.00        734
20130128   9473639   37.6220  -119.0193      0.710   1.40    0.00    0.00   0.00        735
20130128   9491547   37.6262  -119.0245      0.310   0.19    0.00    0.00   0.00        736
20130128   9493769   37.6262  -119.0255      0.200  -0.20    0.00    0.00   0.00        737
20130128  10222209   37.6275  -119.0263     -0.540   0.46    0.00    0.00   0.00        738
20130128  11075141   37.6240  -119.0207      0.520   0.32    0.00    0.00   0.00        739
20130128  11113811   37.6242  -119.0203      0.370   0.49    0.00    0.00   0.00        740
20130128  11153051   37.6130  -119.0370     -1.370   0.81    0.00    0.00   0.00        741
20130128  11230652   37.6350  -119.0253     -0.130   1.18    0.00    0.00   0.00        742
20130128  11342199   37.6237  -119.0330     -0.990   0.77    0.00    0.00   0.00        743
20130128  12015525   37.6243  -119.0202      0.650   0.48    0.00    0.00   0.00        744
20130128  12022943   37.6225  -119.0183      0.680   0.97    0.00    0.00   0.00        745
20130128  12344963   37.6252  -119.0222      0.060   0.42    0.00    0.00   0.00        746
20130128  13341152   37.6232  -119.0227      0.190   0.03    0.00    0.00   0.00        747
20130128  13443994   37.6227  -119.0175      0.420  -0.16    0.00    0.00   0.00        748
20130128  14521868   37.6418  -119.0992     11.250   0.21    0.00    0.00   0.00        749
20130128  19532548   37.6265  -119.0162     -0.390   0.43    0.00    0.00   0.00        750
20130128  20143240   37.6255  -119.0187     -0.100   0.22    0.00    0.00   0.00        751
20130128  23332344   37.5510  -119.0238      3.660   0.48    0.00    0.00   0.00        752
20130128  23560980   37.5532  -119.0198      3.390   0.17    0.00    0.00   0.00        753
20130129   4040780   37.6262  -119.0157      0.120  -0.07    0.00    0.00   0.00        754
20130129   4231828   37.6247  -119.0203      0.500   0.29    0.00    0.00   0.00        755
20130129   4260524   37.6200  -119.0110      0.540   0.00    0.00    0.00   0.00        756
20130129   4405532   37.6297  -119.0197     -0.200  -0.06    0.00    0.00   0.00        757
20130129   4415847   37.6332  -119.0342     -0.330   0.07    0.00    0.00   0.00        758
20130129   4452959   37.6225  -119.0132      0.310   0.31    0.00    0.00   0.00        759
20130129   4455075   37.6235  -119.0155      0.370  -0.08    0.00    0.00   0.00        760
20130129   4491974   37.6190  -119.0187      2.250   0.33    0.00    0.00   0.00        761
20130129   4501826   37.6305  -119.0353     -0.630  -0.16    0.00    0.00   0.00        762
20130129   4560541   37.6227  -119.0182      0.340   0.31    0.00    0.00   0.00        763
20130129   5060652   37.6315  -119.0303      0.260  -0.11    0.00    0.00   0.00        764
20130129   5104247   37.5933  -119.0588      4.910   0.29    0.00    0.00   0.00        765
20130129   5403647   37.6270  -119.0145      0.150  -0.04    0.00    0.00   0.00        766
20130129   5522582   37.6240  -119.0165      0.410   0.32    0.00    0.00   0.00        767
20130129   6425026   37.6240  -119.0183      0.380  -0.08    0.00    0.00   0.00        768
20130129   7073314   37.6220  -119.0188      0.720   0.28    0.00    0.00   0.00        769
20130129   7145101   37.6225  -119.0222      0.900   1.48    0.00    0.00   0.00        770
20130129   7155257   37.6218  -119.0192      0.710   0.65    0.00    0.00   0.00        771
20130129   7171240   37.6258  -119.0178      0.060   0.15    0.00    0.00   0.00        772
20130129   7322857   37.6248  -119.0177      0.830  -0.12    0.00    0.00   0.00        773
20130129   7430880   37.5748  -119.0082      2.100   0.57    0.00    0.00   0.00        774
20130129   7460096   37.6265  -119.0160     -0.560   0.26    0.00    0.00   0.00        775
20130129   7490422   37.5728  -119.0087      2.530   0.47    0.00    0.00   0.00        776
20130129  11592339   37.6223  -119.0202      0.880   0.35    0.00    0.00   0.00        777
20130130   9342436   37.6433  -119.0293      7.570  -0.05    0.00    0.00   0.00        778
20130130  14042249   37.6303  -119.0285      3.020   0.40    0.00    0.00   0.00        779
20130130  14065389   37.6332  -119.0342      1.700   0.12    0.00    0.00   0.00        780
20130130  20363524   37.6347  -119.0222      0.660   0.34    0.00    0.00   0.00        781
20130130  22555174   37.6282  -119.0255      1.400   0.31    0.00    0.00   0.00        782
20130130  23560746   37.6333  -119.0230      0.800   0.21    0.00    0.00   0.00        783
20130131   4384757   37.6408  -119.0243     -0.540  -0.08    0.00    0.00   0.00        784
20130131   5034764   37.6293  -119.0247      1.580   0.34    0.00    0.00   0.00        785
20130131   5075997   37.6348  -119.0262     -0.480   0.00    0.00    0.00   0.00        786
20130131   9262284   37.6302  -119.0227      1.460   0.28    0.00    0.00   0.00        787
20130131  10552843   37.6503  -119.0683     12.030   0.38    0.00    0.00   0.00        788
20130131  14515028   37.6367  -119.0218      0.700   0.35    0.00    0.00   0.00        789
20130131  15000448   37.6373  -119.0212     -0.060   0.25    0.00    0.00   0.00        790
20130131  16300109   37.6380  -119.1092      2.260  -0.03    0.00    0.00   0.00        791
