2009  3 20 12 20  2.561  60.48230 -152.78270   1.950    0.00  0.000  0.000  0.000   1
2009  3 20 22 32 48.861  60.50720 -152.79000   2.980    0.00  0.000  0.000  0.000   2
2009  3 20 17 59 41.841  60.45950 -152.78000   3.130    0.00  0.000  0.000  0.000   3
2009  3 20 17 56 42.161  60.45950 -152.78000   3.130    0.00  0.000  0.000  0.000   4
2009  3 20 20 35 10.061  60.47220 -152.77570   5.530    0.00  0.000  0.000  0.000   5
2009  3 20  7 48 53.021  60.47220 -152.76450   0.930    0.00  0.000  0.000  0.000   6
2009  3 20 20 36 50.521  60.48430 -152.75850   0.130    0.00  0.000  0.000  0.000   7
2009  3 20 21  0 44.841  60.48430 -152.75850   0.130    0.00  0.000  0.000  0.000   8
2009  3 20 16 51 47.121  60.48430 -152.75850   0.130    0.00  0.000  0.000  0.000   9
2009  3 20 20  2 49.141  60.48430 -152.75850   0.130    0.00  0.000  0.000  0.000  10
2009  3 20 22 39 30.301  60.48430 -152.75850   0.130    0.00  0.000  0.000  0.000  11
2009  3 20 19 44 11.381  60.48430 -152.75850   0.130    0.00  0.000  0.000  0.000  12
2009  3 20 13 21  5.961  60.48430 -152.75850   0.130    0.00  0.000  0.000  0.000  13
2009  3 20 15 25 39.241  60.48430 -152.75850   0.130    0.00  0.000  0.000  0.000  14
2009  3 20 17 53 29.901  60.48430 -152.75850   0.130    0.00  0.000  0.000  0.000  15
2009  3 20 23 20 29.721  60.48430 -152.75850   0.130    0.00  0.000  0.000  0.000  16
2009  3 20 23 43 54.581  60.48430 -152.75850   0.130    0.00  0.000  0.000  0.000  17
2009  3 20 16 27 39.661  60.48430 -152.75850   0.130    0.00  0.000  0.000  0.000  18
2009  3 20 22 29 40.121  60.48430 -152.75850   0.130    0.00  0.000  0.000  0.000  19
2009  3 20  7 43 40.601  60.48430 -152.75850   0.130    0.00  0.000  0.000  0.000  20
2009  3 20 14  4 39.701  60.48430 -152.75850   0.130    0.00  0.000  0.000  0.000  21
2009  3 20 17 46 38.981  60.48430 -152.75850   0.130    0.00  0.000  0.000  0.000  22
2009  3 20 11 10 42.921  60.48430 -152.75850   0.130    0.00  0.000  0.000  0.000  23
2009  3 20 22 47 49.741  60.48430 -152.75850   0.130    0.00  0.000  0.000  0.000  24
2009  3 20 13  5  2.501  60.48430 -152.75850   0.130    0.00  0.000  0.000  0.000  25
2009  3 20 16 55 54.781  60.48430 -152.75850   0.130    0.00  0.000  0.000  0.000  26
2009  3 20 20 27 29.481  60.48430 -152.75850   0.130    0.00  0.000  0.000  0.000  27
2009  3 20 15 13 14.501  60.48430 -152.75850   0.130    0.00  0.000  0.000  0.000  28
2009  3 20 13 55 59.761  60.48430 -152.75850   0.130    0.00  0.000  0.000  0.000  29
2009  3 20 21 11 58.441  60.48430 -152.75850   0.130    0.00  0.000  0.000  0.000  30
2009  3 20 17 34 50.461  60.48430 -152.75850   0.130    0.00  0.000  0.000  0.000  31
2009  3 20 21 45 12.521  60.48430 -152.75850   0.130    0.00  0.000  0.000  0.000  32
2009  3 20 23 58 38.641  60.48430 -152.75850   0.130    0.00  0.000  0.000  0.000  33
2009  3 20 19 13 17.621  60.48430 -152.75850   0.130    0.00  0.000  0.000  0.000  34
2009  3 20 22  6 42.361  60.48430 -152.75850   0.130    0.00  0.000  0.000  0.000  35
2009  3 20 11  4 48.341  60.48430 -152.75850   0.130    0.00  0.000  0.000  0.000  36
2009  3 20 23 48 54.821  60.48430 -152.75850   0.130    0.00  0.000  0.000  0.000  37
2009  3 20 17 13 49.681  60.48430 -152.75850   0.130    0.00  0.000  0.000  0.000  38
2009  3 20  9 54 18.101  60.48430 -152.75850   0.130    0.00  0.000  0.000  0.000  39
2009  3 20 21 32 43.321  60.48430 -152.75850   0.130    0.00  0.000  0.000  0.000  40
2009  3 20 12 10 36.681  60.48430 -152.75850   0.130    0.00  0.000  0.000  0.000  41
2009  3 20  0 24 47.401  60.48430 -152.75850   0.130    0.00  0.000  0.000  0.000  42
2009  3 20 22 40 24.581  60.48430 -152.75850   0.130    0.00  0.000  0.000  0.000  43
2009  3 20 21 45 52.241  60.46470 -152.77020   0.640    0.00  0.000  0.000  0.000  44
2009  3 20 22 13 19.761  60.48480 -152.77320   3.830    0.00  0.000  0.000  0.000  45
