20121104   3521534   37.6105  -119.0637     22.240   0.84    0.00    0.00   0.00         10
20121104   3241316   37.6105  -119.0637     22.240   0.77    0.00    0.00   0.00         11
20121104   4570524   37.6105  -119.0637     22.240   0.85    0.00    0.00   0.00         12
20121104   3445056   37.6105  -119.0637     22.240   0.81    0.00    0.00   0.00         13
20121104   2564664   37.6105  -119.0637     22.240   0.82    0.00    0.00   0.00         14
20121104   3361664   37.6105  -119.0637     22.240   0.86    0.00    0.00   0.00         15
20121104   4381542   37.6105  -119.0637     22.240   1.07    0.00    0.00   0.00         16
20121104   4081944   37.6105  -119.0637     22.240   0.82    0.00    0.00   0.00         17
20121104   3164416   37.6105  -119.0637     22.240   0.98    0.00    0.00   0.00         18
20121104   3290540   37.6105  -119.0637     22.240   0.94    0.00    0.00   0.00         19
20121030   2364658   37.6183  -119.0372     19.030  -0.25    0.00    0.00   0.00         23
20121111   7092178   37.5968  -119.0055      3.270   0.20    0.00    0.00   0.00         29
20121111  10014948   37.5968  -119.0055      3.270   0.48    0.00    0.00   0.00         30
20121027  13491866   37.5968  -119.0055      3.270   0.60    0.00    0.00   0.00         31
20121030   8423308   37.6183  -119.0085      2.160   0.33    0.00    0.00   0.00         41
20121001  18584584   37.5978  -119.0055      3.900  -0.16    0.00    0.00   0.00         44
20121006  11200506   37.5978  -119.0055      3.900   0.31    0.00    0.00   0.00         45
20121227  19362806   37.6085  -119.0620     17.990   0.79    0.00    0.00   0.00         51
20121227  15305384   37.6085  -119.0620     17.990   0.96    0.00    0.00   0.00         52
20130128   9163162   37.6243  -119.0210      2.410  -0.38    0.00    0.00   0.00         59
20130128  11230600   37.6243  -119.0210      2.410  -0.48    0.00    0.00   0.00         60
20130128   9493724   37.6243  -119.0210      2.410  -0.10    0.00    0.00   0.00         61
20130128   9380738   37.6243  -119.0210      2.410  -0.57    0.00    0.00   0.00         62
20130128  10222164   37.6243  -119.0210      2.410  -0.08    0.00    0.00   0.00         63
20130128   9423276   37.6243  -119.0210      2.410   0.12    0.00    0.00   0.00         64
20130128   9491504   37.6243  -119.0210      2.410  -0.44    0.00    0.00   0.00         65
20130128  10210400   37.6243  -119.0210      2.410   0.14    0.00    0.00   0.00         66
20130128  12031002   37.6243  -119.0210      2.410   0.09    0.00    0.00   0.00         67
20130128  11075106   37.6243  -119.0210      2.410  -0.52    0.00    0.00   0.00         68
20130104   9310306   37.6328  -119.0233     12.530   0.24    0.00    0.00   0.00         78
20121125  21532038   37.6218  -119.0567     19.930   0.63    0.00    0.00   0.00         83
20121003  13093376   37.6353  -119.0588      2.980   0.50    0.00    0.00   0.00         89
20121003  13444620   37.6353  -119.0588      2.980   0.26    0.00    0.00   0.00         90
20130129   4452928   37.6315  -119.0303      2.760  -0.26    0.00    0.00   0.00        107
20130129   4260500   37.6315  -119.0303      2.760   0.04    0.00    0.00   0.00        108
20130129   5522550   37.6315  -119.0303      2.760  -0.51    0.00    0.00   0.00        109
20130129   4501774   37.6315  -119.0303      2.760   0.06    0.00    0.00   0.00        110
20130129   4415788   37.6315  -119.0303      2.760  -0.20    0.00    0.00   0.00        111
20121104   7555874   37.6163  -119.0572     21.820   0.61    0.00    0.00   0.00        113
20121104   8004328   37.6163  -119.0572     21.820   0.74    0.00    0.00   0.00        114
20121104   6575116   37.6163  -119.0572     21.820   0.95    0.00    0.00   0.00        115
20121104   6420452   37.6163  -119.0572     21.820   0.96    0.00    0.00   0.00        116
20121104   7452730   37.6163  -119.0572     21.820   1.05    0.00    0.00   0.00        117
20121029  21161856   37.6318  -119.0340     20.470   0.80    0.00    0.00   0.00        129
20121029  21552352   37.6318  -119.0340     20.470   0.81    0.00    0.00   0.00        130
20121208   1065114   37.6203  -119.0405     16.340   0.63    0.00    0.00   0.00        132
20121208   2042668   37.6203  -119.0405     16.340  -0.03    0.00    0.00   0.00        133
20121208   0571144   37.6203  -119.0405     16.340   0.85    0.00    0.00   0.00        134
20121208   2050616   37.6203  -119.0405     16.340   0.59    0.00    0.00   0.00        135
20121208   1103128   37.6203  -119.0405     16.340   0.85    0.00    0.00   0.00        136
20130129   7073090   37.6218  -119.0192      3.210   1.29    0.00    0.00   0.00        143
20130129   7144880   37.6218  -119.0192      3.210   0.05    0.00    0.00   0.00        144
20130129   7161132   37.6218  -119.0192      3.210   1.65    0.00    0.00   0.00        145
20121103  13182114   37.6043  -119.0580     21.710   0.51    0.00    0.00   0.00        153
20130131   5034744   37.6348  -119.0262      2.020  -0.73    0.00    0.00   0.00        159
20130131   9262264   37.6348  -119.0262      2.020  -0.74    0.00    0.00   0.00        160
20130131   4384742   37.6348  -119.0262      2.020  -0.10    0.00    0.00   0.00        161
20130130  20363502   37.6348  -119.0262      2.020  -0.56    0.00    0.00   0.00        162
20130130  23560722   37.6348  -119.0262      2.020  -0.64    0.00    0.00   0.00        163
20121209   7544304   37.6452  -119.0397      2.240  -0.37    0.00    0.00   0.00        166
20121209   7492376   37.6452  -119.0397      2.240  -0.01    0.00    0.00   0.00        167
20121209   7201314   37.6452  -119.0397      2.240  -0.16    0.00    0.00   0.00        168
20121209   7144704   37.6452  -119.0397      2.240  -0.03    0.00    0.00   0.00        169
20121029  13364538   37.6160  -119.0458     23.920   0.99    0.00    0.00   0.00        175
20121104   8261574   37.6120  -119.0582     22.250   0.78    0.00    0.00   0.00        179
20130101  18133458   37.6560  -119.1183     12.650   0.03    0.00    0.00   0.00        184
20121029  14411346   37.6163  -119.0567     21.860   0.60    0.00    0.00   0.00        187
20121029  16052760   37.6163  -119.0567     21.860   1.08    0.00    0.00   0.00        188
20121029  16002148   37.6163  -119.0567     21.860   0.93    0.00    0.00   0.00        189
20121029  16001166   37.6163  -119.0567     21.860   0.98    0.00    0.00   0.00        190
20121029  16153606   37.6163  -119.0567     21.860   0.66    0.00    0.00   0.00        191
20121029  15331854   37.6163  -119.0567     21.860   0.67    0.00    0.00   0.00        192
20121029  16495354   37.6163  -119.0567     21.860   1.00    0.00    0.00   0.00        193
20121029  15104734   37.6163  -119.0567     21.860   0.76    0.00    0.00   0.00        194
20121029  15451658   37.6163  -119.0567     21.860   0.69    0.00    0.00   0.00        195
20121029  14035554   37.6163  -119.0567     21.860   0.53    0.00    0.00   0.00        196
20121029  13160642   37.6163  -119.0567     21.860   1.00    0.00    0.00   0.00        197
20121120   4111720   37.5945  -119.0088      3.510  -0.10    0.00    0.00   0.00        203
20121029  14373058   37.6188  -119.0523     21.380   0.67    0.00    0.00   0.00        218
20121029  14332560   37.6188  -119.0523     21.380   1.13    0.00    0.00   0.00        219
20121029  15140926   37.6188  -119.0523     21.380   0.97    0.00    0.00   0.00        220
20121029  14085066   37.6188  -119.0523     21.380   1.17    0.00    0.00   0.00        221
20121029  13322630   37.6188  -119.0523     21.380   0.69    0.00    0.00   0.00        222
20121207   9113642   37.6375  -119.0347     14.270   0.73    0.00    0.00   0.00        226
20130104   8540106   37.6375  -119.0347     14.270   0.40    0.00    0.00   0.00        227
20130131  14514998   37.6373  -119.0212      2.440  -0.09    0.00    0.00   0.00        230
20121007   0340744   37.6008  -119.0068      4.500  -0.90    0.00    0.00   0.00        234
20121009   9491626   37.6008  -119.0068      4.500  -0.91    0.00    0.00   0.00        235
20121005   9020832   37.6008  -119.0068      4.500  -0.65    0.00    0.00   0.00        236
20121006  10184310   37.6008  -119.0068      4.500  -0.35    0.00    0.00   0.00        237
20121006  10434180   37.6008  -119.0068      4.500  -0.20    0.00    0.00   0.00        238
20121020   4421820   37.6008  -119.0068      4.500  -0.56    0.00    0.00   0.00        239
20121001   7020610   37.6008  -119.0068      4.500  -0.11    0.00    0.00   0.00        240
20121020   0455044   37.6008  -119.0068      4.500  -1.18    0.00    0.00   0.00        241
20121020   3534582   37.6008  -119.0068      4.500   0.08    0.00    0.00   0.00        242
20121007  15243260   37.6008  -119.0068      4.500  -0.21    0.00    0.00   0.00        243
20121009  10142294   37.6008  -119.0068      4.500   0.18    0.00    0.00   0.00        244
20121009  11244494   37.6008  -119.0068      4.500  -0.19    0.00    0.00   0.00        245
20121022  15324710   37.6008  -119.0068      4.500  -0.77    0.00    0.00   0.00        246
20121010   4594888   37.6008  -119.0068      4.500   0.27    0.00    0.00   0.00        247
20121107   7504258   37.6162  -119.0912     22.420   1.22    0.00    0.00   0.00        254
20130129   4560528   37.6262  -119.0157      2.620  -0.78    0.00    0.00   0.00        263
20130129   4430086   37.6262  -119.0157      2.620   0.16    0.00    0.00   0.00        264
20130129   7171210   37.6262  -119.0157      2.620  -0.36    0.00    0.00   0.00        265
20130129   6191880   37.6262  -119.0157      2.620  -0.05    0.00    0.00   0.00        266
20130129   5532552   37.6262  -119.0157      2.620   0.13    0.00    0.00   0.00        267
20130129   5104376   37.6262  -119.0157      2.620  -0.58    0.00    0.00   0.00        268
20130129   4165936   37.6262  -119.0157      2.620   0.19    0.00    0.00   0.00        269
20130129   4363388   37.6262  -119.0157      2.620   0.18    0.00    0.00   0.00        270
20130129   4231792   37.6262  -119.0157      2.620  -0.75    0.00    0.00   0.00        271
20130129   5052602   37.6262  -119.0157      2.620  -0.04    0.00    0.00   0.00        272
20130129   4553908   37.6262  -119.0157      2.620   0.56    0.00    0.00   0.00        273
20130129   4405502   37.6262  -119.0157      2.620  -0.24    0.00    0.00   0.00        274
20130129   4455046   37.6262  -119.0157      2.620  -0.32    0.00    0.00   0.00        275
20130129   5435892   37.6262  -119.0157      2.620  -0.34    0.00    0.00   0.00        276
20130129   4252960   37.6262  -119.0157      2.620   0.03    0.00    0.00   0.00        277
20130129   5413930   37.6262  -119.0157      2.620   0.01    0.00    0.00   0.00        278
20130129   7521792   37.6262  -119.0157      2.620   0.14    0.00    0.00   0.00        279
20130129   7172172   37.6262  -119.0157      2.620  -0.20    0.00    0.00   0.00        280
20130129   3565774   37.6262  -119.0157      2.620  -0.05    0.00    0.00   0.00        281
20130129   4590932   37.6262  -119.0157      2.620   0.19    0.00    0.00   0.00        282
20130115  16402590   37.6352  -119.0328      4.080  -0.96    0.00    0.00   0.00        287
20121209   1125980   37.6187  -119.0190      3.660   0.71    0.00    0.00   0.00        293
20130115  16430962   37.6362  -119.0417      4.590  -0.39    0.00    0.00   0.00        296
20130115  16423378   37.6362  -119.0417      4.590   0.06    0.00    0.00   0.00        297
20121205  21080760   37.6332  -119.0292      4.660  -1.06    0.00    0.00   0.00        302
20121014  10085466   37.5943  -119.0142      5.530   0.03    0.00    0.00   0.00        312
20121209   7095790   37.6462  -119.0437      2.750   0.21    0.00    0.00   0.00        316
20121209   8305020   37.6462  -119.0437      2.750  -0.20    0.00    0.00   0.00        317
20121209   6390658   37.6462  -119.0437      2.750   0.09    0.00    0.00   0.00        318
20121030   3521356   37.6208  -119.0470     21.280   1.37    0.00    0.00   0.00        321
20121027   7345368   37.5987  -119.0045      3.520   0.33    0.00    0.00   0.00        328
20130105   6455206   37.5950  -119.0115      3.960   0.50    0.00    0.00   0.00        331
20121029  12414568   37.6348  -119.0423     21.510   0.80    0.00    0.00   0.00        333
20121227  13504538   37.6162  -119.0677     19.720   1.31    0.00    0.00   0.00        343
20130123   7385004   37.6358  -119.0298      2.020  -0.20    0.00    0.00   0.00        352
20121022  14395000   37.6337  -119.0312      3.650   0.54    0.00    0.00   0.00        354
20121029  11461144   37.6217  -119.0453     23.220   1.31    0.00    0.00   0.00        359
20121029  12325574   37.6217  -119.0453     23.220   1.25    0.00    0.00   0.00        360
20121029  12015424   37.6217  -119.0453     23.220   1.45    0.00    0.00   0.00        361
20121110  16502064   37.6197  -119.0152      4.840  -1.27    0.00    0.00   0.00        364
20121006   5003810   37.5952  -119.0150      4.140  -0.10    0.00    0.00   0.00        370
20121030   5393378   37.6443  -119.0475     19.150   1.02    0.00    0.00   0.00        376
20121030   5580128   37.6443  -119.0475     19.150   1.29    0.00    0.00   0.00        377
20130130  14065388   37.6282  -119.0255      3.900   0.71    0.00    0.00   0.00        383
20130128   3502444   37.6247  -119.0115      3.050   0.12    0.00    0.00   0.00        390
20130128   4033468   37.6247  -119.0115      3.050   0.25    0.00    0.00   0.00        391
20130128   3241656   37.6247  -119.0115      3.050  -0.01    0.00    0.00   0.00        392
20130128   3172714   37.6247  -119.0115      3.050   0.20    0.00    0.00   0.00        393
20130122  15033046   37.6472  -119.0307      2.150  -0.57    0.00    0.00   0.00        402
20130122  15022584   37.6472  -119.0307      2.150  -0.41    0.00    0.00   0.00        403
20130122  15050230   37.6472  -119.0307      2.150  -0.41    0.00    0.00   0.00        404
20130122  15044696   37.6472  -119.0307      2.150  -0.36    0.00    0.00   0.00        405
20130122  15004908   37.6472  -119.0307      2.150   0.01    0.00    0.00   0.00        406
20130122  14553912   37.6472  -119.0307      2.150   0.18    0.00    0.00   0.00        407
20121018   3000982   37.5972  -119.0117      3.870  -1.69    0.00    0.00   0.00        410
20121015  20181798   37.5972  -119.0117      3.870  -2.08    0.00    0.00   0.00        411
20121011  17175666   37.5972  -119.0117      3.870  -1.20    0.00    0.00   0.00        412
20121018   6281598   37.5972  -119.0117      3.870  -0.71    0.00    0.00   0.00        413
20121014  15161574   37.5972  -119.0117      3.870  -0.60    0.00    0.00   0.00        414
20121015  22103640   37.5972  -119.0117      3.870  -1.01    0.00    0.00   0.00        415
20130129   6095144   37.6248  -119.0177      3.330   0.37    0.00    0.00   0.00        430
20130129   6522174   37.6248  -119.0177      3.330   0.25    0.00    0.00   0.00        431
20121029   3014110   37.6202  -119.0523     23.260   1.30    0.00    0.00   0.00        434
20121209  11085278   37.6453  -119.0435      2.720  -0.24    0.00    0.00   0.00        446
20121209  11185764   37.6453  -119.0435      2.720   0.11    0.00    0.00   0.00        447
20121209   8200024   37.6453  -119.0435      2.720  -0.33    0.00    0.00   0.00        448
20121209  16071666   37.6453  -119.0435      2.720  -0.15    0.00    0.00   0.00        449
20121209  11332114   37.6453  -119.0435      2.720  -0.11    0.00    0.00   0.00        450
20121209  11201970   37.6453  -119.0435      2.720   0.04    0.00    0.00   0.00        451
20121209  11111348   37.6453  -119.0435      2.720   0.07    0.00    0.00   0.00        452
20121209  11245444   37.6453  -119.0435      2.720   0.18    0.00    0.00   0.00        453
20121209   7593018   37.6453  -119.0435      2.720   0.52    0.00    0.00   0.00        454
20121209  12211538   37.6453  -119.0435      2.720   0.14    0.00    0.00   0.00        455
20130122  15180068   37.6463  -119.0338      2.230   0.02    0.00    0.00   0.00        461
20130122  15162764   37.6463  -119.0338      2.230   0.24    0.00    0.00   0.00        462
20130117  18194322   37.6462  -119.0290      2.890  -0.35    0.00    0.00   0.00        471
20130117  18274162   37.6462  -119.0290      2.890   0.44    0.00    0.00   0.00        472
20121001   0295930   37.6530  -119.0210      2.910   1.54    0.00    0.00   0.00        477
20121001   7261374   37.6530  -119.0210      2.910   1.69    0.00    0.00   0.00        478
20121101   4303872   37.6058  -119.0817     23.830   0.87    0.00    0.00   0.00        482
20121101   3161162   37.6058  -119.0817     23.830   0.90    0.00    0.00   0.00        483
20130128  12473320   37.6252  -119.0222      2.560   0.63    0.00    0.00   0.00        487
20130128  12424494   37.6252  -119.0222      2.560   0.73    0.00    0.00   0.00        488
20121021   7433460   37.6320  -119.1220      4.040   0.10    0.00    0.00   0.00        490
20121216  10093904   37.6545  -119.0345     18.110   0.73    0.00    0.00   0.00        492
20121003   3384734   37.6568  -119.0222      2.470   0.59    0.00    0.00   0.00        494
20121029   6591022   37.6203  -119.0492     21.880   1.12    0.00    0.00   0.00        496
20121215  10404728   37.6302  -119.0328     19.260   2.04    0.00    0.00   0.00        499
20121002   3532512   37.6005  -119.0042      4.230  -0.02    0.00    0.00   0.00        501
20121002   0044518   37.6005  -119.0042      4.230  -0.07    0.00    0.00   0.00        502
20130128  18004374   37.5510  -119.0238      6.160   0.80    0.00    0.00   0.00        507
20130128  23363574   37.5510  -119.0238      6.160   0.95    0.00    0.00   0.00        508
20130129   7462856   37.6265  -119.0160      1.940   0.80    0.00    0.00   0.00        510
20130129   7371888   37.6265  -119.0160      1.940   0.71    0.00    0.00   0.00        511
20121006  10270330   37.6028  -119.0053      5.020   0.70    0.00    0.00   0.00        518
20121006  11105622   37.6028  -119.0053      5.020   0.62    0.00    0.00   0.00        519
20121001   9300652   37.5893  -119.0062      4.310   0.51    0.00    0.00   0.00        525
20121006  20513682   37.5893  -119.0062      4.310   0.32    0.00    0.00   0.00        526
20121009  10012664   37.5893  -119.0062      4.310   0.12    0.00    0.00   0.00        527
20121009   9344560   37.5893  -119.0062      4.310   0.96    0.00    0.00   0.00        528
20121009  12594918   37.5893  -119.0062      4.310   1.49    0.00    0.00   0.00        529
20121001   9314216   37.5893  -119.0062      4.310   1.72    0.00    0.00   0.00        530
20130121   3295772   37.6393  -119.0523      7.430  -0.02    0.00    0.00   0.00        535
20130121   7065924   37.6393  -119.0523      7.430   0.05    0.00    0.00   0.00        536
20130121   7060650   37.6393  -119.0523      7.430   0.07    0.00    0.00   0.00        537
20121120  22593824   37.6545  -119.1273     15.970   0.06    0.00    0.00   0.00        545
20121029   5083984   37.6255  -119.0465     22.420   0.95    0.00    0.00   0.00        550
20121030  11194344   37.6283  -119.0523     21.620   1.73    0.00    0.00   0.00        552
20121029  19220540   37.6283  -119.0523     21.620   1.50    0.00    0.00   0.00        553
20121025   2265660   37.6367  -119.0352      1.270   0.30    0.00    0.00   0.00        555
20121019  20064942   37.6033  -119.0103      4.210  -0.43    0.00    0.00   0.00        560
20130129   7430498   37.5728  -119.0087      5.030   0.31    0.00    0.00   0.00        562
20121114  19262672   37.6135  -119.0583     18.560   0.28    0.00    0.00   0.00        571
20121029  12063236   37.6123  -119.0438     23.890   1.25    0.00    0.00   0.00        580
20121029   3324208   37.6297  -119.0548     22.680   0.64    0.00    0.00   0.00        586
20121227  13462024   37.6088  -119.0788     18.440   0.92    0.00    0.00   0.00        589
20121029  17432092   37.6175  -119.0495     21.860   1.23    0.00    0.00   0.00        592
20121207  15174416   37.6345  -119.0265     14.380   1.24    0.00    0.00   0.00        596
20121207  15050624   37.6345  -119.0265     14.380   1.42    0.00    0.00   0.00        597
20121110  16533308   37.6237  -119.0128      3.950   0.07    0.00    0.00   0.00        600
20121227  14375108   37.6112  -119.0630     17.070   0.56    0.00    0.00   0.00        607
20121227  14365318   37.6112  -119.0630     17.070   0.77    0.00    0.00   0.00        608
20121227  14491182   37.6112  -119.0630     17.070   0.64    0.00    0.00   0.00        609
20121029  20071122   37.6133  -119.0422     19.790   0.77    0.00    0.00   0.00        619
20121029  20265210   37.6710  -119.0032     18.810   0.49    0.00    0.00   0.00        621
20121029  21385752   37.6710  -119.0032     18.810   0.96    0.00    0.00   0.00        622
20121104   5110782   37.6095  -119.0682     22.320   0.65    0.00    0.00   0.00        629
20121104   5412276   37.6095  -119.0682     22.320   0.59    0.00    0.00   0.00        630
20121104   5284290   37.6095  -119.0682     22.320   0.75    0.00    0.00   0.00        631
20121104   5021334   37.6095  -119.0682     22.320   0.80    0.00    0.00   0.00        632
20121104   4340052   37.6095  -119.0682     22.320   0.45    0.00    0.00   0.00        633
20121104   5510042   37.6095  -119.0682     22.320   0.73    0.00    0.00   0.00        634
20121104   5591376   37.6095  -119.0682     22.320   0.81    0.00    0.00   0.00        635
20121104   6212418   37.6095  -119.0682     22.320   0.83    0.00    0.00   0.00        636
20121104   4483560   37.6095  -119.0682     22.320   0.88    0.00    0.00   0.00        637
20121104   6560042   37.6095  -119.0682     22.320   0.96    0.00    0.00   0.00        638
20121104   3564774   37.6095  -119.0682     22.320   0.68    0.00    0.00   0.00        639
20121104   5132108   37.6095  -119.0682     22.320   0.88    0.00    0.00   0.00        640
20121104   4595632   37.6095  -119.0682     22.320   0.98    0.00    0.00   0.00        641
20121104   3085038   37.6095  -119.0682     22.320   0.98    0.00    0.00   0.00        642
20121104   7051332   37.6095  -119.0682     22.320   0.83    0.00    0.00   0.00        643
20121104   5115344   37.6095  -119.0682     22.320   0.92    0.00    0.00   0.00        644
20121104   4352336   37.6095  -119.0682     22.320   0.99    0.00    0.00   0.00        645
20121104   3511754   37.6095  -119.0682     22.320   0.97    0.00    0.00   0.00        646
20121208   0523688   37.6310  -119.0270     16.120   0.95    0.00    0.00   0.00        651
20121207  22531782   37.6310  -119.0270     16.120   1.12    0.00    0.00   0.00        652
20130104  16195568   37.6310  -119.0243     12.780   0.79    0.00    0.00   0.00        655
20121119   7124756   37.6307  -119.0398     21.110   1.72    0.00    0.00   0.00        656
20130129   0350042   37.6270  -119.0145      2.650   0.40    0.00    0.00   0.00        661
20130128  19563150   37.6270  -119.0145      2.650   0.33    0.00    0.00   0.00        662
20130129   0401288   37.6270  -119.0145      2.650   0.57    0.00    0.00   0.00        663
20130129   0333908   37.6270  -119.0145      2.650   0.60    0.00    0.00   0.00        664
20130129   0330080   37.6270  -119.0145      2.650   0.72    0.00    0.00   0.00        665
20121208   1031002   37.6422  -119.0265     16.510   0.50    0.00    0.00   0.00        669
20121001   0504324   37.6542  -119.0232      2.870  -0.06    0.00    0.00   0.00        675
20121001   0491610   37.6542  -119.0232      2.870   0.49    0.00    0.00   0.00        676
20121001   0514066   37.6542  -119.0232      2.870   0.88    0.00    0.00   0.00        677
20121001   4231192   37.6537  -119.0232      2.380   0.61    0.00    0.00   0.00        680
20121227  15233420   37.6037  -119.0685     17.860   0.90    0.00    0.00   0.00        683
20121001   6245708   37.6355  -119.0368      2.920   0.31    0.00    0.00   0.00        687
20121020   4505234   37.6355  -119.0368      2.920   0.39    0.00    0.00   0.00        688
20121208   2103186   37.6337  -119.0292     15.900   0.85    0.00    0.00   0.00        697
20121027   0010134   37.6348  -119.0198      3.850  -0.67    0.00    0.00   0.00        706
20130115  16541016   37.6347  -119.0423      4.750   0.03    0.00    0.00   0.00        720
20121122  10460376   37.6328  -119.0327      2.700   0.75    0.00    0.00   0.00        722
20121029  12200910   37.6280  -119.0400     20.820   0.91    0.00    0.00   0.00        724
20130119   4200030   37.6223  -119.0085      3.590  -0.38    0.00    0.00   0.00        729
20130119   8322298   37.6223  -119.0085      3.590   0.64    0.00    0.00   0.00        730
20130109   3084702   37.5908  -119.0000      3.660  -0.23    0.00    0.00   0.00        737
20121215  22541120   37.6302  -119.0308     19.260   1.39    0.00    0.00   0.00        741
20121030   0154024   37.6228  -119.0408     20.750   0.40    0.00    0.00   0.00        744
20121029  23230836   37.6228  -119.0408     20.750   1.06    0.00    0.00   0.00        745
20121030   0044330   37.6228  -119.0408     20.750   1.02    0.00    0.00   0.00        746
20121030   0481190   37.6228  -119.0408     20.750   0.29    0.00    0.00   0.00        747
20121001   6130202   37.6343  -119.0358      3.390  -0.71    0.00    0.00   0.00        756
20121207  18334928   37.6287  -119.0285     16.150   0.72    0.00    0.00   0.00        758
20130111   9121468   37.5767  -119.0002      3.490   0.86    0.00    0.00   0.00        763
20130110   9252566   37.5767  -119.0002      3.490   0.67    0.00    0.00   0.00        764
20130111   7360538   37.5767  -119.0002      3.490   1.84    0.00    0.00   0.00        765
20130110  20235394   37.5767  -119.0002      3.490   1.18    0.00    0.00   0.00        766
20130110  21065414   37.5767  -119.0002      3.490   1.18    0.00    0.00   0.00        767
20130109  23481748   37.5767  -119.0002      3.490   1.39    0.00    0.00   0.00        768
20130114  22424034   37.5767  -119.0002      3.490   1.30    0.00    0.00   0.00        769
20121016  11380986   37.5915  -119.0072      3.550   0.31    0.00    0.00   0.00        771
20121018   5552316   37.5915  -119.0072      3.550  -0.01    0.00    0.00   0.00        772
20121209   6402648   37.6467  -119.0425      2.960  -0.14    0.00    0.00   0.00        774
20121209   5561556   37.6467  -119.0425      2.960   0.28    0.00    0.00   0.00        775
20121209   6112688   37.6467  -119.0425      2.960   0.21    0.00    0.00   0.00        776
20121209   5550786   37.6467  -119.0425      2.960   0.30    0.00    0.00   0.00        777
20130115  16414286   37.6278  -119.0310      6.730  -0.19    0.00    0.00   0.00        779
20130115  16413208   37.6278  -119.0310      6.730   0.05    0.00    0.00   0.00        780
20121227  19125558   37.6127  -119.0632     18.720   1.15    0.00    0.00   0.00        787
20121227  17233056   37.6127  -119.0632     18.720   1.04    0.00    0.00   0.00        788
20121227  18414044   37.6127  -119.0632     18.720   1.22    0.00    0.00   0.00        789
20121227  17431988   37.6127  -119.0632     18.720   1.35    0.00    0.00   0.00        790
20121227  16504062   37.6127  -119.0632     18.720   1.29    0.00    0.00   0.00        791
20121227  16104658   37.6127  -119.0632     18.720   1.32    0.00    0.00   0.00        792
20121227  13274810   37.6127  -119.0632     18.720   1.18    0.00    0.00   0.00        793
20121227  15281950   37.6127  -119.0632     18.720   1.35    0.00    0.00   0.00        794
20121227  19061328   37.6127  -119.0632     18.720   1.39    0.00    0.00   0.00        795
20121029  12340166   37.6437  -119.0432     24.240   1.12    0.00    0.00   0.00        798
20121029  12353496   37.6437  -119.0432     24.240   1.22    0.00    0.00   0.00        799
20121029  12480904   37.6437  -119.0432     24.240   0.88    0.00    0.00   0.00        800
20121029  20544622   37.6290  -119.0288     19.960   0.69    0.00    0.00   0.00        805
20121029  21094186   37.6290  -119.0288     19.960   0.46    0.00    0.00   0.00        806
20121029  20065322   37.6290  -119.0288     19.960   1.14    0.00    0.00   0.00        807
20121029  20191240   37.6290  -119.0288     19.960   0.84    0.00    0.00   0.00        808
20121227   6054442   37.6107  -119.0675     17.560   1.22    0.00    0.00   0.00        810
20130130  14042262   37.6323  -119.0295      5.050  -0.16    0.00    0.00   0.00        812
20130131   4270746   37.5897  -119.0030      4.480  -0.22    0.00    0.00   0.00        815
20130107  23000700   37.6342  -119.0245      4.400   0.04    0.00    0.00   0.00        818
20130123   7383970   37.6423  -119.0367      3.160   0.09    0.00    0.00   0.00        826
20130122  15191506   37.6477  -119.0302      1.910  -0.18    0.00    0.00   0.00        828
20130122  15142214   37.6477  -119.0302      1.910  -0.50    0.00    0.00   0.00        829
20130122  15134906   37.6477  -119.0302      1.910   0.24    0.00    0.00   0.00        830
20130122  15182598   37.6477  -119.0302      1.910   0.15    0.00    0.00   0.00        831
20121029  18301570   37.6243  -119.0595     21.310   0.68    0.00    0.00   0.00        833
20121029  18331070   37.6243  -119.0595     21.310   0.80    0.00    0.00   0.00        834
20121029  18344454   37.6243  -119.0595     21.310   0.86    0.00    0.00   0.00        835
20121029  22185644   37.6258  -119.0375     19.730   1.51    0.00    0.00   0.00        839
20121029  22420976   37.6258  -119.0375     19.730   1.62    0.00    0.00   0.00        840
20121215   1110996   37.6333  -119.0262     17.020   0.27    0.00    0.00   0.00        848
20121215   2331998   37.6333  -119.0262     17.020   0.59    0.00    0.00   0.00        849
20121215   1320092   37.6333  -119.0262     17.020   0.71    0.00    0.00   0.00        850
20121215   2320582   37.6333  -119.0262     17.020   0.67    0.00    0.00   0.00        851
