20121017  23303106   37.6463  -119.0463      2.360   0.24    0.00    0.00   0.00          1
20121011  20460090   37.6092  -119.0623      8.630   0.32    0.00    0.00   0.00          2
20121022   9365504   37.6338  -119.0353      3.490   0.80    0.00    0.00   0.00          3
20121029  14032936   37.6160  -119.0458     23.920   0.85    0.00    0.00   0.00          5
20121024   4022404   37.5540  -119.0913     15.870   0.91    0.00    0.00   0.00          7
20121029  15451652   37.6187  -119.0587     21.970   0.76    0.00    0.00   0.00          8
20121022  15344610   37.6303  -119.0287      4.300   0.75    0.00    0.00   0.00         13
20121010   3344672   37.6000  -119.0123      4.450   0.01    0.00    0.00   0.00         14
20121004   4503594   37.5992  -119.0063      4.680   0.39    0.00    0.00   0.00         18
20121005   3584660   37.6028  -119.0053      5.020   0.45    0.00    0.00   0.00         19
20121022   9354356   37.6557  -119.0232      0.100   0.82    0.00    0.00   0.00         22
20121023  19372662   37.5825  -119.0013      5.650   0.47    0.00    0.00   0.00         23
20121031  23243348   37.6223  -119.1087     22.740   0.98    0.00    0.00   0.00         24
20121029   9341350   37.6148  -119.0502     22.180   0.75    0.00    0.00   0.00         25
20121029  22592940   37.6258  -119.0375     19.730   1.09    0.00    0.00   0.00         39
20121004   4350860   37.6352  -119.0567      2.560   0.38    0.00    0.00   0.00         45
20121029  13413008   37.6118  -119.0598     23.630   0.81    0.00    0.00   0.00         47
20121007   4340802   37.6337  -119.0487      3.530  -0.00    0.00    0.00   0.00         53
20121029   6480390   37.6293  -119.0443     21.830   0.75    0.00    0.00   0.00         54
20121024  10264218   37.5925  -119.0042      3.650   0.22    0.00    0.00   0.00         55
20121030   1413010   37.6310  -119.0258     19.880   0.76    0.00    0.00   0.00         57
20121029  20455596   37.6710  -119.0032     18.810   0.78    0.00    0.00   0.00         58
20121030   6502208   37.6312  -119.0335     19.000   0.72    0.00    0.00   0.00         60
20121001   7412960   37.6325  -119.0428      2.980  -0.35    0.00    0.00   0.00         62
20121022   9363608   37.6305  -119.0335      3.880   0.61    0.00    0.00   0.00         64
20121031  23592912   37.6153  -119.0652     21.920   0.61    0.00    0.00   0.00         66
20121003  12470212   37.6302  -119.0375      3.470   0.10    0.00    0.00   0.00         67
20121029  13083560   37.6348  -119.0423     21.510   0.99    0.00    0.00   0.00         68
20121023  15464224   37.6303  -119.0958     22.880   0.85    0.00    0.00   0.00         71
20121028    433668   37.6353  -119.0218      3.380  -0.06    0.00    0.00   0.00         72
20121003  20291398   37.6327  -119.0425      3.160   1.88    0.00    0.00   0.00         73
20121029   3570090   37.6258  -119.0227      5.660   0.42    0.00    0.00   0.00         74
20121001  14210166   37.6528  -119.0295      1.770  -0.11    0.00    0.00   0.00         75
20121029  16290812   37.6213  -119.0435     20.770   1.08    0.00    0.00   0.00         76
20121027   4264984   37.6423  -119.0888     15.910   0.47    0.00    0.00   0.00         77
20121029  23300324   37.6247  -119.0383     21.150   1.48    0.00    0.00   0.00         78
20121029   3162960   37.6202  -119.0523     23.260   0.86    0.00    0.00   0.00         79
20121029  18521836   37.6185  -119.0542     21.520   0.84    0.00    0.00   0.00         83
20121027  10103130   37.5975  -119.0082      3.390  -0.06    0.00    0.00   0.00         84
20121022  16254250   37.6325  -119.0305      3.490   0.50    0.00    0.00   0.00         85
20121001   3463928   37.6537  -119.0232      2.380   0.54    0.00    0.00   0.00         87
20121001   4173688   37.5978  -119.0055      3.900   0.36    0.00    0.00   0.00         88
20121001   4231214   37.6522  -119.0237      2.070   0.24    0.00    0.00   0.00         98
20121012   8024570   37.6355  -119.0287      3.840   0.02    0.00    0.00   0.00        100
20121024   4522574   37.5993  -119.0032      3.820   0.17    0.00    0.00   0.00        101
20121029  13382166   37.6225  -119.0515     22.270   0.66    0.00    0.00   0.00        102
20121029  21110270   37.6103  -119.0313     19.410   0.64    0.00    0.00   0.00        103
20121029  19471516   37.6328  -119.0355     19.700   0.92    0.00    0.00   0.00        104
20121029  12203810   37.6207  -119.0372     22.200   0.83    0.00    0.00   0.00        110
20121004   5460996   37.5963  -119.0153      3.870  -0.08    0.00    0.00   0.00        111
20121031  23400310   37.6045  -119.0603     22.920   1.25    0.00    0.00   0.00        112
20121023   4451826   37.5998  -119.0012      3.930   0.30    0.00    0.00   0.00        113
20121003  20313880   37.6293  -119.0400      3.660   0.98    0.00    0.00   0.00        114
20121001  15470034   37.5918  -119.1603      6.460   0.69    0.00    0.00   0.00        115
20121010  19180800   37.6310  -119.0448      3.750  -0.00    0.00    0.00   0.00        116
20121022  14395002   37.6273  -119.0273      4.330   0.62    0.00    0.00   0.00        117
20121001    491632   37.6543  -119.0203      3.080   0.49    0.00    0.00   0.00        118
20121027   6024716   37.5987  -119.0045      3.520  -0.02    0.00    0.00   0.00        121
20121029  15212884   37.6357  -119.0402     21.350   1.24    0.00    0.00   0.00        124
20121030   2364656   37.6202  -119.0365     20.020   1.56    0.00    0.00   0.00        125
20121014  15332718   37.6263  -119.0287      3.150  -0.10    0.00    0.00   0.00        127
20121029  11523182   37.6217  -119.0482     21.380   0.87    0.00    0.00   0.00        128
20121017  11555134   37.6232  -119.0520      2.320  -0.42    0.00    0.00   0.00        129
20121011  16490742   37.6338  -119.0420      4.840   0.12    0.00    0.00   0.00        130
20121002   4174732   37.6023  -119.0043      4.030   0.06    0.00    0.00   0.00        131
20121019   1114162   37.6338  -119.0375      3.200   0.54    0.00    0.00   0.00        135
20121011  16492922   37.6365  -119.0347      4.270   0.33    0.00    0.00   0.00        136
20121003  20373486   37.6340  -119.0408      2.460   0.83    0.00    0.00   0.00        137
20121029  14594210   37.6170  -119.0357     23.770   1.00    0.00    0.00   0.00        138
20121014  15330334   37.6423  -119.0098      7.280  -0.09    0.00    0.00   0.00        139
20121026   7335760   37.6477  -119.0173      2.770  -0.07    0.00    0.00   0.00        140
20121020  18032362   37.5807  -119.0343      1.950  -0.25    0.00    0.00   0.00        141
20121020   4500374   37.6355  -119.0368      2.920   0.26    0.00    0.00   0.00        142
20121029  12485356   37.6138  -119.0452     22.380   1.17    0.00    0.00   0.00        145
20121011  20204762   37.6120  -119.0250      3.680  -0.18    0.00    0.00   0.00        148
20121026  16570016   37.6482  -119.0415      1.800  -0.32    0.00    0.00   0.00        149
20121029  14085336   37.6120  -119.0633     22.750   0.79    0.00    0.00   0.00        150
20121029  21094180   37.6267  -119.0328     19.690   0.91    0.00    0.00   0.00        154
20121022  14421438   37.6243  -119.0303      4.880   0.82    0.00    0.00   0.00        156
20121013  23091078   37.6543  -119.0237      2.470   0.36    0.00    0.00   0.00        157
20121020  10562792   37.6308  -119.0392      4.810   0.47    0.00    0.00   0.00        158
20121003  11432956   37.6262  -119.0575      2.540  -0.30    0.00    0.00   0.00        159
20121030   4371404   37.6358  -119.0350     18.740   0.67    0.00    0.00   0.00        161
20121022  15324712   37.6000  -119.0043      4.520   0.65    0.00    0.00   0.00        162
20121010   1531856   37.6465  -119.0445      2.220   0.32    0.00    0.00   0.00        168
20121030    441792   37.6183  -119.0372     19.030   0.73    0.00    0.00   0.00        170
20121028    313012   37.6452  -119.0593     20.590   0.72    0.00    0.00   0.00        171
20121031  15254050   37.6070  -119.0530     21.370   0.81    0.00    0.00   0.00        172
20121029   5084006   37.6155  -119.0463     22.380   1.02    0.00    0.00   0.00        173
20121029  15141192   37.6107  -119.0558     21.770   0.96    0.00    0.00   0.00        175
20121010  18461078   37.5988  -119.0107      4.280  -0.06    0.00    0.00   0.00        177
20121001   4131418   37.5893  -119.0062      4.310   0.70    0.00    0.00   0.00        179
20121003  20292744   37.6332  -119.0418      2.200   0.99    0.00    0.00   0.00        185
20121029  22181470   37.6347  -119.0430     20.550   0.59    0.00    0.00   0.00        186
20121029   5330902   37.6218  -119.0513     22.220   0.82    0.00    0.00   0.00        187
20121008   5320194   37.6323  -119.0465     15.860   0.50    0.00    0.00   0.00        190
20121001   6140994   37.6322  -119.0352      3.920   0.36    0.00    0.00   0.00        191
20121022   5052350   37.6190  -119.0198      3.240  -0.10    0.00    0.00   0.00        192
20121004   9470690   37.5952  -119.0150      4.140  -0.05    0.00    0.00   0.00        193
20121019   1103838   37.6317  -119.0378      3.670   0.75    0.00    0.00   0.00        203
20121015  21424810   37.5853  -119.0588      2.880  -0.29    0.00    0.00   0.00        205
20121022  14424190   37.6337  -119.0312      3.650   0.61    0.00    0.00   0.00        206
20121030   1025650   37.6258  -119.0322     20.730   0.91    0.00    0.00   0.00        207
20121003  20393634   37.6055  -119.0038      4.670   0.29    0.00    0.00   0.00        208
20121029   7034392   37.6203  -119.0492     21.880   0.65    0.00    0.00   0.00        209
20121006   3483818   37.6300  -119.1275      3.750   0.33    0.00    0.00   0.00        211
20121009   7355252   37.6105  -119.0137      4.460   0.09    0.00    0.00   0.00        212
20121003  20293684   37.6323  -119.0392      3.010   1.04    0.00    0.00   0.00        213
20121029  13144844   37.6437  -119.0432     24.240   0.79    0.00    0.00   0.00        214
20121003   9474120   37.6340  -119.0582      2.560  -0.11    0.00    0.00   0.00        219
20121023  18050190   37.6148  -119.0512     22.580   0.81    0.00    0.00   0.00        220
20121022  15125918   37.6337  -119.0267      3.600   0.10    0.00    0.00   0.00        221
20121029  22364470   37.6200  -119.0370     20.810   1.29    0.00    0.00   0.00        222
20121020  10554950   37.6363  -119.0338      3.800  -0.36    0.00    0.00   0.00        224
20121029  23355328   37.6358  -119.0292     19.940   0.75    0.00    0.00   0.00        225
20121029  16524230   37.6242  -119.0440     21.560   1.30    0.00    0.00   0.00        226
20121002     44518   37.6003  -119.0048      4.190   0.16    0.00    0.00   0.00        227
20121001   6123486   37.6335  -119.0373      2.800   1.67    0.00    0.00   0.00        228
20121027  23515020   37.6243  -119.0595     21.310   0.68    0.00    0.00   0.00        229
20121030   5095516   37.6208  -119.0470     21.280   0.80    0.00    0.00   0.00        238
20121020  10553014   37.6405  -119.0318      3.940   0.10    0.00    0.00   0.00        240
20121029  18555330   37.6350  -119.0450     21.000   0.63    0.00    0.00   0.00        241
20121003   3384766   37.6562  -119.0228      2.420   0.64    0.00    0.00   0.00        242
20121030   1104782   37.6167  -119.0460     21.350   0.94    0.00    0.00   0.00        244
20121029  23100512   37.6228  -119.0377     19.520   0.65    0.00    0.00   0.00        246
20121015  22103640   37.5962  -119.0012      4.060   0.02    0.00    0.00   0.00        251
20121027  22552226   37.6302  -119.0390     20.580   0.52    0.00    0.00   0.00        252
20121008  16042020   37.6175  -119.0242      3.530  -0.12    0.00    0.00   0.00        259
20121030  22342668   37.6338  -119.0172      3.740   0.35    0.00    0.00   0.00        260
20121030  14381166   37.6323  -119.0172      4.120   0.33    0.00    0.00   0.00        263
20121029  20071122   37.6357  -119.0225     19.880   0.55    0.00    0.00   0.00        264
20121014  15161574   37.6018  -119.0263      3.720   0.33    0.00    0.00   0.00        265
20121013  15255824   37.5977  -119.0118      3.790   0.25    0.00    0.00   0.00        270
20121029  16075864   37.6163  -119.0567     21.860   0.81    0.00    0.00   0.00        271
20121029  13580482   37.6218  -119.0427     21.100   0.87    0.00    0.00   0.00        276
20121029  17592816   37.6173  -119.0457     20.990   0.92    0.00    0.00   0.00        277
20121001   6154990   37.6343  -119.0358      3.390   0.17    0.00    0.00   0.00        278
20121001   6152398   37.6348  -119.0358      3.030   0.65    0.00    0.00   0.00        280
20121031  10405866   37.5705  -119.0195      5.980   0.48    0.00    0.00   0.00        281
20121030   3105624   37.6385  -119.0617     21.020   0.93    0.00    0.00   0.00        282
20121017  13415398   37.6387  -119.0350      1.350  -0.01    0.00    0.00   0.00        286
20121003  20285694   37.6313  -119.0448      2.830   0.80    0.00    0.00   0.00        287
20121029  20245000   37.6133  -119.0422     19.790   0.74    0.00    0.00   0.00        288
20121010  10550242   37.6197  -119.0152      4.840   0.44    0.00    0.00   0.00        289
20121018   5240932   37.5970  -119.0080      3.540  -0.15    0.00    0.00   0.00        290
20121029   1410572   37.6233  -119.0798     23.950   0.89    0.00    0.00   0.00        291
20121029  12170424   37.6247  -119.0545     23.000   0.89    0.00    0.00   0.00        292
20121011  16491608   37.6358  -119.0378      4.530   0.40    0.00    0.00   0.00        293
20121002   7342260   37.5943  -119.0142      5.530  -0.08    0.00    0.00   0.00        294
20121029  20265226   37.6205  -119.0330     20.540   0.87    0.00    0.00   0.00        296
20121001   6133902   37.6355  -119.0405      3.060   1.00    0.00    0.00   0.00        299
20121029  19045626   37.6230  -119.0472     21.450   0.93    0.00    0.00   0.00        300
20121021   7433462   37.6282  -119.1272      6.110   0.70    0.00    0.00   0.00        301
20121029  19245268   37.6397  -119.0235     19.450   0.56    0.00    0.00   0.00        302
20121029  16313320   37.6283  -119.0487     21.460   0.67    0.00    0.00   0.00        309
20121029  12524584   37.6132  -119.0492     20.800   0.99    0.00    0.00   0.00        310
20121029   9262560   37.6270  -119.0435     22.350   0.96    0.00    0.00   0.00        313
20121021   4373142   37.5868  -119.0025      3.880   0.01    0.00    0.00   0.00        314
20121018  15180788   37.5937  -119.0037      4.460   0.32    0.00    0.00   0.00        315
20121020  14352264   37.5948  -119.0013      3.560   0.26    0.00    0.00   0.00        316
20121029  20345550   37.6290  -119.0288     19.960   0.86    0.00    0.00   0.00        317
20121029   8185816   37.6310  -119.0460     22.200   1.40    0.00    0.00   0.00        318
20121029  13395462   37.6160  -119.0545     21.060   0.78    0.00    0.00   0.00        319
20121030     44340   37.6192  -119.0375     19.730   0.89    0.00    0.00   0.00        321
20121029  20050132   37.6262  -119.0395     20.740   1.08    0.00    0.00   0.00        325
20121014  15373592   37.6327  -119.0392      2.850  -0.35    0.00    0.00   0.00        327
20121026   4150086   37.6318  -119.1387     14.930   0.58    0.00    0.00   0.00        328
20121012   7493420   37.5963  -119.0043      4.070   0.25    0.00    0.00   0.00        329
20121029   7091396   37.6300  -119.0710     23.740   1.44    0.00    0.00   0.00        330
20121015  20122902   37.5938  -119.0015      4.170   0.36    0.00    0.00   0.00        331
20121003   6170332   37.6522  -119.0215      2.310   0.16    0.00    0.00   0.00        332
20121029  10034672   37.6138  -119.0392     23.370   0.93    0.00    0.00   0.00        334
20121027   9255596   37.6247  -119.1358      4.720   0.21    0.00    0.00   0.00        335
20121029  10081120   37.6228  -119.0437     22.130   0.66    0.00    0.00   0.00        336
20121029  19083298   37.6283  -119.0523     21.620   1.11    0.00    0.00   0.00        337
20121031   8303590   37.6515  -119.0312      1.550  -0.10    0.00    0.00   0.00        340
20121022   9360240   37.6387  -119.0463     -0.070   0.37    0.00    0.00   0.00        341
20121010  14344218   37.6072  -119.0127      4.110   0.32    0.00    0.00   0.00        342
20121029   2035432   37.6127  -119.0498     22.350   1.13    0.00    0.00   0.00        343
20121002   4232212   37.6313  -119.0263      4.410   0.12    0.00    0.00   0.00        346
20121020   6591420   37.6023  -119.0150      3.520  -0.01    0.00    0.00   0.00        347
20121030   3120506   37.6152  -119.0410     20.220   1.16    0.00    0.00   0.00        349
20121030  21492842   37.6243  -119.0443     12.730   0.40    0.00    0.00   0.00        350
20121018  14281564   37.6478  -119.0467      1.970   0.32    0.00    0.00   0.00        351
20121020  12553250   37.6273  -119.0047      3.490   0.55    0.00    0.00   0.00        352
20121024  13510106   37.5882  -119.0178      4.560  -0.20    0.00    0.00   0.00        353
20121029  14192092   37.6188  -119.0523     21.380   0.98    0.00    0.00   0.00        356
20121015   9200172   37.5743  -119.0132      6.250   0.46    0.00    0.00   0.00        362
20121029  12433620   37.6252  -119.0427     22.410   1.12    0.00    0.00   0.00        363
20121020  14265762   37.5898  -119.0113      3.280  -0.07    0.00    0.00   0.00        364
20121006  10434180   37.5938  -119.0083      3.810   0.09    0.00    0.00   0.00        365
20121030   9053486   37.6183  -119.0085      2.160   0.06    0.00    0.00   0.00        385
20121029   8170272   37.6255  -119.0465     22.420   1.03    0.00    0.00   0.00        387
20121002   3000690   37.6368  -119.0562      1.190   0.36    0.00    0.00   0.00        389
20121029  19034262   37.6255  -119.0400     20.750   1.17    0.00    0.00   0.00        390
20121029  13200838   37.6258  -119.0447     21.720   0.88    0.00    0.00   0.00        391
20121029  15025188   37.6150  -119.0528     22.150   0.96    0.00    0.00   0.00        394
20121004  17495346   37.6357  -119.0413      2.760   0.87    0.00    0.00   0.00        398
20121029  16274834   37.5742  -119.0485     16.750   0.85    0.00    0.00   0.00        399
20121003  20295924   37.6317  -119.0400      3.300   1.65    0.00    0.00   0.00        400
20121029  21361630   37.6318  -119.0340     20.470   0.61    0.00    0.00   0.00        401
20121031   9170482   37.6365  -119.0342     18.750   0.55    0.00    0.00   0.00        405
20121027   6001378   37.5965  -119.0037      3.550   0.35    0.00    0.00   0.00        406
20121019   1151362   37.6355  -119.0385      1.970   0.27    0.00    0.00   0.00        407
20121019   1101880   37.6360  -119.0362      2.750   0.58    0.00    0.00   0.00        408
20121001  15011776   37.6548  -119.0220      2.580   0.60    0.00    0.00   0.00        409
20121014  16082076   37.6297  -119.0305      3.820   0.05    0.00    0.00   0.00        410
20121022  15115064   37.6310  -119.0343      3.580   0.25    0.00    0.00   0.00        411
20121029  17341926   37.6740  -119.0397     20.240   0.92    0.00    0.00   0.00        412
20121021  17042038   37.6320  -119.1220      4.040   0.47    0.00    0.00   0.00        413
20121029  11221064   37.6148  -119.0480     22.070   0.89    0.00    0.00   0.00        414
20121029  21144994   37.6335  -119.0548     22.030   0.63    0.00    0.00   0.00        415
20121015  21100018   37.5943  -119.0042      3.750   0.36    0.00    0.00   0.00        416
20121029   1051330   37.6348  -119.0330     11.970   0.39    0.00    0.00   0.00        417
20121004   9043134   37.6345  -119.0577      2.860  -0.26    0.00    0.00   0.00        418
20121029   3142422   37.6297  -119.0548     22.680   0.66    0.00    0.00   0.00        426
20121029  23230850   37.6272  -119.0438     20.400   0.91    0.00    0.00   0.00        427
20121027  19455372   37.5812  -119.0317      6.640   0.17    0.00    0.00   0.00        431
20121025   4241902   37.6367  -119.0352      1.270   0.12    0.00    0.00   0.00        432
20121029  12321542   37.6280  -119.0400     20.820   0.66    0.00    0.00   0.00        434
20121029  20544618   37.6255  -119.0340     19.570   0.87    0.00    0.00   0.00        435
20121023   9593252   37.6292  -119.0793     20.860   1.22    0.00    0.00   0.00        438
20121006  12334134   37.5957  -119.0388      5.440  -0.18    0.00    0.00   0.00        439
20121030   9434130   37.6443  -119.0475     19.150   0.61    0.00    0.00   0.00        440
20121029  16060044   37.6145  -119.0592     21.620   0.85    0.00    0.00   0.00        443
20121017  19180272   37.6005  -119.0042      4.230   0.25    0.00    0.00   0.00        444
20121029  18163260   37.6175  -119.0495     21.860   0.74    0.00    0.00   0.00        445
20121001   3200396   37.6530  -119.0210      2.910   1.48    0.00    0.00   0.00        448
20121020  14270920   37.6117  -119.0240      4.440  -0.08    0.00    0.00   0.00        450
20121023  19094616   37.6147  -119.0477     21.260   1.49    0.00    0.00   0.00        451
20121029  12103320   37.6217  -119.0453     23.220   0.81    0.00    0.00   0.00        456
20121002   6051108   37.6378  -119.0282      3.640  -0.16    0.00    0.00   0.00        461
20121114   1543894   37.6842  -119.1217     13.570   0.41    0.00    0.00   0.00        462
20121104   4592688   37.6105  -119.0637     22.240   0.66    0.00    0.00   0.00        463
20121114   7253148   37.6263  -119.0123      4.280  -0.03    0.00    0.00   0.00        473
20121111  19543766   37.5913  -119.0752     12.020   0.19    0.00    0.00   0.00        474
20121104  12550750   37.6213  -119.0362     11.910   0.22    0.00    0.00   0.00        475
20121118   5093192   37.6325  -119.0240     18.830   0.86    0.00    0.00   0.00        476
20121125  16474676   37.5905  -119.0137      4.050  -0.03    0.00    0.00   0.00        477
20121122  14555516   37.5957  -119.1312      7.950   0.16    0.00    0.00   0.00        479
20121124   1330644   37.6112  -119.0423     20.440   1.13    0.00    0.00   0.00        480
20121104   7243246   37.6260  -119.1108     28.160   0.82    0.00    0.00   0.00        483
20121112  16494146   37.6493  -119.0663     16.290   0.67    0.00    0.00   0.00        484
20121125   5572320   37.6170  -119.0288     20.500   0.63    0.00    0.00   0.00        486
20121118  14265036   37.6477  -119.0248     19.770   0.70    0.00    0.00   0.00        487
20121115  15442142   37.6120  -119.0220      3.460  -0.12    0.00    0.00   0.00        489
20121104   2245608   37.6433  -119.0407     14.140   0.52    0.00    0.00   0.00        490
20121117   2272106   37.6377  -119.1118     15.070   0.60    0.00    0.00   0.00        491
20121103  16591482   37.6098  -119.0560     21.110   0.64    0.00    0.00   0.00        492
20121120  15584200   37.6423  -119.0977     15.200   0.40    0.00    0.00   0.00        493
20121118  15472464   37.6307  -119.0398     21.110   1.50    0.00    0.00   0.00        494
20121106  14004392   37.6325  -119.0403      4.060  -0.31    0.00    0.00   0.00        497
20121104   5263442   37.6095  -119.0682     22.320   0.65    0.00    0.00   0.00        498
20121125  22225260   37.6265  -119.0230     18.670   0.68    0.00    0.00   0.00        525
20121109  17342536   37.5945  -119.0053      2.990  -0.16    0.00    0.00   0.00        526
20121114  23113882   37.6108  -119.0628     20.200   0.94    0.00    0.00   0.00        527
20121113  22105264   37.6210  -119.0493     20.570   0.61    0.00    0.00   0.00        529
20121111  14114408   37.6400  -119.1017     10.830   0.15    0.00    0.00   0.00        530
20121128  14314368   37.6347  -119.0665     10.980   0.13    0.00    0.00   0.00        531
20121121   6325514   37.6372  -119.0255     18.430   0.72    0.00    0.00   0.00        532
20121104   2253616   37.6343  -119.0287     14.020   0.40    0.00    0.00   0.00        533
20121118  21410468   37.6272  -119.0368     20.480   1.23    0.00    0.00   0.00        534
20121104   9282460   37.6120  -119.0582     22.250   0.85    0.00    0.00   0.00        536
20121125  23381066   37.6218  -119.0567     19.930   0.53    0.00    0.00   0.00        539
20121130  19433368   37.6373  -119.0290      3.490   0.31    0.00    0.00   0.00        541
20121110  18052748   37.6342  -119.0543     10.240   0.09    0.00    0.00   0.00        542
20121122   3443838   37.6373  -119.0467     14.980   0.38    0.00    0.00   0.00        543
20121106  21534358   37.5908  -119.0033      4.150   0.66    0.00    0.00   0.00        544
20121121   6035254   37.6235  -119.0153      7.110  -0.16    0.00    0.00   0.00        545
20121115  18015502   37.6500  -119.0583     15.100   0.37    0.00    0.00   0.00        546
20121130  19431710   37.6382  -119.0257      5.260   0.38    0.00    0.00   0.00        547
20121130  12481918   37.6335  -119.0580      2.330   0.24    0.00    0.00   0.00        548
20121102  14555804   37.5860  -119.1168     31.260   1.10    0.00    0.00   0.00        549
20121121  21062534   37.5968  -119.1315      7.370   0.42    0.00    0.00   0.00        551
20121120   2332466   37.5945  -119.0088      3.510  -0.27    0.00    0.00   0.00        552
20121118  13211956   37.6318  -119.0493     22.030   0.69    0.00    0.00   0.00        554
20121113   8315698   37.5910  -119.0067      4.990   0.23    0.00    0.00   0.00        556
20121113   5425304   37.6117  -119.0602     23.930   0.83    0.00    0.00   0.00        557
20121121   8281708   37.6027  -119.1263      7.790   0.38    0.00    0.00   0.00        558
20121103   9443896   37.6575  -119.1595     15.110   0.60    0.00    0.00   0.00        560
20121122  23113954   37.6320  -119.0263      2.420   0.24    0.00    0.00   0.00        561
20121122  14553272   37.5953  -119.1277      7.740   0.13    0.00    0.00   0.00        564
20121124   2264150   37.6373  -119.0860     15.680   0.47    0.00    0.00   0.00        565
20121118  11421174   37.6422  -119.0627     20.340   0.96    0.00    0.00   0.00        566
20121120   2392082   37.6552  -119.0405     14.640   0.33    0.00    0.00   0.00        567
20121110  21004246   37.6237  -119.0128      3.950   0.41    0.00    0.00   0.00        568
20121103  13182112   37.6008  -119.0620     22.420   0.82    0.00    0.00   0.00        569
20121124  23574822   37.6077  -119.0218     19.740   0.70    0.00    0.00   0.00        570
20121110  16502060   37.6197  -119.0147      5.270   2.26    0.00    0.00   0.00        571
20121119   7124738   37.6517  -119.0445     19.450   1.01    0.00    0.00   0.00        572
20121106   5184536   37.6185  -119.0673     15.360   0.44    0.00    0.00   0.00        573
20121117   2265576   37.6145  -119.1122     16.260   0.55    0.00    0.00   0.00        574
20121119   1554274   37.6458  -119.0547     20.060   0.74    0.00    0.00   0.00        575
20121123  20050788   37.6157  -119.0137      3.240   0.03    0.00    0.00   0.00        576
20121101   3334244   37.6058  -119.0817     23.830   0.89    0.00    0.00   0.00        577
20121122  20473176   37.5968  -119.1212      8.190   0.12    0.00    0.00   0.00        580
20121103  13214766   37.6043  -119.0580     21.710   0.74    0.00    0.00   0.00        581
20121103  15262754   37.6148  -119.0500     21.220   0.77    0.00    0.00   0.00        583
20121122  11244830   37.6427  -119.1878     12.760   0.73    0.00    0.00   0.00        584
20121106   5271444   37.6257  -119.0567     17.340   0.63    0.00    0.00   0.00        585
20121114  19402354   37.6135  -119.0583     18.560   0.72    0.00    0.00   0.00        586
20121124   2291134   37.6560  -119.1183     12.650   0.19    0.00    0.00   0.00        587
20121127  15042762   37.5852  -119.0238      4.650  -0.12    0.00    0.00   0.00        588
20121110  16533318   37.6225  -119.0118      4.340   0.38    0.00    0.00   0.00        589
20121124   8462398   37.6275  -119.1283     15.690   0.71    0.00    0.00   0.00        590
20121111  16054468   37.6185  -119.0867     15.310   0.49    0.00    0.00   0.00        591
20121110  12373634   37.6327  -119.0745     16.110   0.45    0.00    0.00   0.00        592
20121106  11400936   37.5860  -119.0072      3.250  -0.14    0.00    0.00   0.00        594
20121111  19552836   37.6288  -119.0725     15.870   0.71    0.00    0.00   0.00        597
20121120   8470750   37.5948  -119.1272      7.870   0.15    0.00    0.00   0.00        598
20121124   8463560   37.6313  -119.0675     17.640   0.49    0.00    0.00   0.00        599
20121103  21073602   37.6102  -119.0677     21.960   0.80    0.00    0.00   0.00        600
20121104   7201474   37.6325  -119.0503     14.690   0.27    0.00    0.00   0.00        602
20121121   9432440   37.5920  -119.1345      7.230   0.16    0.00    0.00   0.00        603
20121123  19532662   37.6292  -119.0658     15.780   0.35    0.00    0.00   0.00        604
20121118  17484900   37.6235  -119.0523     21.710   0.96    0.00    0.00   0.00        606
20121104   7165304   37.6163  -119.0572     21.820   0.82    0.00    0.00   0.00        607
20121114  19262670   37.6132  -119.0628     20.110   0.93    0.00    0.00   0.00        611
20121102   7161794   37.6277  -119.0172      3.010   0.32    0.00    0.00   0.00        614
20121110  18331132   37.6302  -119.0195      2.530   0.24    0.00    0.00   0.00        615
20121122   3452344   37.6325  -119.1135     15.930   0.49    0.00    0.00   0.00        616
20121110    181316   37.5975  -119.0683     22.680   0.94    0.00    0.00   0.00        617
20121124   2320008   37.6550  -119.1805     13.780   0.55    0.00    0.00   0.00        619
20121109  21322628   37.6162  -119.0912     22.420   0.93    0.00    0.00   0.00        620
20121130  19302962   37.6308  -119.0210      4.710   1.34    0.00    0.00   0.00        622
20121111   5303088   37.5968  -119.0055      3.270   0.06    0.00    0.00   0.00        623
20121128  13390172   37.6558  -119.1222     13.370   0.40    0.00    0.00   0.00        627
20121210  23511910   37.6360  -119.0518     14.880   0.34    0.00    0.00   0.00        628
20121208   9542904   37.6342  -119.0260     14.940   0.71    0.00    0.00   0.00        629
20121209   7225380   37.6452  -119.0397      2.240  -0.05    0.00    0.00   0.00        630
20121231  22453438   37.6488  -119.0450     16.090   0.37    0.00    0.00   0.00        631
20121228   4513292   37.6323  -119.0360     11.280   0.18    0.00    0.00   0.00        632
20121229  22394214   37.6588  -119.0833     15.510   0.55    0.00    0.00   0.00        633
20121227  13094688   37.6038  -119.0658     17.170   0.72    0.00    0.00   0.00        634
20121226   2061060   37.6325  -119.0463     10.900   0.17    0.00    0.00   0.00        635
20121216   5224962   37.6328  -119.0435     15.570   0.47    0.00    0.00   0.00        636
20121213  13445384   37.6248  -119.0962     16.970   0.77    0.00    0.00   0.00        637
20121227  16062450   37.6093  -119.0725     17.700   0.67    0.00    0.00   0.00        639
20121206  11071440   37.6285  -119.0335      3.980   0.12    0.00    0.00   0.00        640
20121222  13283636   37.6013  -119.0323      4.360   0.04    0.00    0.00   0.00        641
20121213  13485984   37.6430  -119.0667     15.170   0.41    0.00    0.00   0.00        643
20121227   9512520   37.6095  -119.0753     18.920   0.71    0.00    0.00   0.00        646
20121208   2045298   37.6280  -119.0375     15.800   0.75    0.00    0.00   0.00        647
20121227  12113528   37.6052  -119.0673     17.980   0.69    0.00    0.00   0.00        648
20121216   4591940   37.6285  -119.0313     18.290   0.84    0.00    0.00   0.00        650
20121214  19003720   37.6612  -119.0227     13.930   0.31    0.00    0.00   0.00        656
20121209   7544304   37.6452  -119.0432      2.640  -0.03    0.00    0.00   0.00        657
20121209  12211424   37.6450  -119.0387      1.990  -0.01    0.00    0.00   0.00        661
20121215   6500118   37.6313  -119.0300     16.840   0.61    0.00    0.00   0.00        662
20121216   5223814   37.6713  -119.1820     10.350   0.38    0.00    0.00   0.00        666
20121227  16213844   37.6185  -119.1168     16.400   0.65    0.00    0.00   0.00        667
20121214  16364296   37.6293  -119.0288     17.370   0.75    0.00    0.00   0.00        669
20121227  17112428   37.6118  -119.0610     18.030   0.59    0.00    0.00   0.00        671
20121206  20023282   37.6323  -119.0240      3.580   0.49    0.00    0.00   0.00        672
20121227  20541728   37.6255  -119.0077     18.120   0.52    0.00    0.00   0.00        675
20121208   2331374   37.6422  -119.0265     16.510   0.73    0.00    0.00   0.00        676
20121227  17561992   37.6048  -119.0707     17.840   0.54    0.00    0.00   0.00        677
20121227  13340686   37.6088  -119.0788     18.440   0.69    0.00    0.00   0.00        678
20121215   9581818   37.6302  -119.0328     19.260   1.02    0.00    0.00   0.00        680
20121227   9315534   37.6198  -119.0683     18.510   0.69    0.00    0.00   0.00        683
20121227   4412008   37.6038  -119.0690     18.440   0.69    0.00    0.00   0.00        685
20121222   8003988   37.6283  -119.0515      2.140   0.30    0.00    0.00   0.00        686
20121205  21581102   37.6333  -119.0240      3.400   0.53    0.00    0.00   0.00        688
20121208  10061156   37.6247  -119.0392     16.020   0.56    0.00    0.00   0.00        689
20121207  18533498   37.6287  -119.0285     16.150   0.55    0.00    0.00   0.00        690
20121228   2320206   37.6332  -119.0253      4.470   0.18    0.00    0.00   0.00        693
20121207  21315328   37.6333  -119.0270     15.400   0.52    0.00    0.00   0.00        694
20121216  20215906   37.6215  -119.0325     18.830   1.66    0.00    0.00   0.00        695
20121227  12554862   37.6077  -119.0752     18.850   0.77    0.00    0.00   0.00        696
20121227  23001736   37.6203  -119.0737     18.000   0.76    0.00    0.00   0.00        701
20121227   7545152   37.6267  -119.0553     17.480   0.66    0.00    0.00   0.00        703
20121211   3002258   37.6352  -119.0408     11.230   0.08    0.00    0.00   0.00        705
20121209   7105048   37.6467  -119.0425      2.960  -0.20    0.00    0.00   0.00        706
20121227  19472240   37.6077  -119.0828     17.330   0.92    0.00    0.00   0.00        709
20121227  15524876   37.6037  -119.0685     17.860   0.66    0.00    0.00   0.00        710
20121228   2314350   37.6338  -119.0243      4.420  -0.01    0.00    0.00   0.00        712
20121216  10195034   37.6545  -119.0345     18.110   0.53    0.00    0.00   0.00        713
20121210   9163444   37.6398  -119.0562     11.130   0.08    0.00    0.00   0.00        717
20121203  10395090   37.6300  -119.0263      5.030   0.37    0.00    0.00   0.00        718
20121227  21065790   37.6002  -119.0632     18.830   1.07    0.00    0.00   0.00        720
20121231  22370488   37.6762  -119.0452     20.270   0.79    0.00    0.00   0.00        722
20121207  20055758   37.6263  -119.0335     15.720   0.77    0.00    0.00   0.00        723
20121208   2042670   37.6260  -119.0320     16.340   0.77    0.00    0.00   0.00        724
20121227   6590918   37.6482  -119.0072      6.550   0.01    0.00    0.00   0.00        727
20121210  10222402   37.6187  -119.0190      3.660   0.32    0.00    0.00   0.00        728
20121227  14560648   37.6143  -119.0918     18.390   0.68    0.00    0.00   0.00        730
20121222   7175040   37.6563  -119.1578     10.850   0.39    0.00    0.00   0.00        738
20121223  17214672   37.6440  -119.0305      6.700   0.13    0.00    0.00   0.00        739
20121209  12560334   37.6402  -119.0805      9.930   0.27    0.00    0.00   0.00        740
20121228   2331938   37.6342  -119.0247      4.230  -0.03    0.00    0.00   0.00        741
20121229  19574606   37.6108  -119.0688     15.570   0.50    0.00    0.00   0.00        742
20121216   9503256   37.6355  -119.0463     16.100   0.38    0.00    0.00   0.00        743
20121227   6381928   37.6192  -119.0723     18.740   0.71    0.00    0.00   0.00        744
20121227  18061472   37.6127  -119.0632     18.720   0.71    0.00    0.00   0.00        745
20121227   8310010   37.6165  -119.0705     17.930   0.76    0.00    0.00   0.00        747
20121207  22044410   37.6295  -119.0337     15.830   0.81    0.00    0.00   0.00        748
20121208   2094804   37.6332  -119.0298     16.370   0.77    0.00    0.00   0.00        749
20121229  19030758   37.6435  -119.0382      2.340   0.34    0.00    0.00   0.00        751
20121227   7170488   37.6112  -119.0848     18.360   0.67    0.00    0.00   0.00        752
20121209   8041782   37.6372  -119.0753     17.180   0.58    0.00    0.00   0.00        754
20121214  17510180   37.6303  -119.0270     17.340   0.79    0.00    0.00   0.00        755
20121227   7282560   37.6060  -119.0717     17.230   0.67    0.00    0.00   0.00        758
20121209   7383758   37.6462  -119.0437      2.750   0.34    0.00    0.00   0.00        759
20121207  15524388   37.6345  -119.0265     14.380   0.91    0.00    0.00   0.00        773
20121231  14210096   37.6308  -119.0425      0.920   0.31    0.00    0.00   0.00        778
20121227  16262466   37.6085  -119.0620     17.990   0.69    0.00    0.00   0.00        779
20121206  13075428   37.6332  -119.0292      4.660   0.33    0.00    0.00   0.00        784
20121222   2500256   37.6578  -119.0302      1.990   0.89    0.00    0.00   0.00        787
20121224  23423736   37.5940  -119.0168      4.470  -0.03    0.00    0.00   0.00        788
20121230   8045388   37.6578  -119.1755     14.360   0.67    0.00    0.00   0.00        789
20121222   2275360   37.6410  -119.1250      5.520   0.07    0.00    0.00   0.00        790
20121216   5254066   37.6423  -119.0788     16.360   0.56    0.00    0.00   0.00        791
20121208     34742   37.6310  -119.0270     16.120   0.57    0.00    0.00   0.00        792
20121227  11150286   37.6050  -119.0705     17.040   0.66    0.00    0.00   0.00        796
20121227   9144976   37.6055  -119.0667     16.480   0.64    0.00    0.00   0.00        797
20121227  18092250   37.6060  -119.0703     18.090   1.03    0.00    0.00   0.00        799
20121227   4504872   37.6288  -119.0572     17.940   0.67    0.00    0.00   0.00        801
20121230   5333298   37.6648  -119.1742     -0.350   0.53    0.00    0.00   0.00        802
20121206   1285300   37.6323  -119.0240      3.680   0.02    0.00    0.00   0.00        803
20121207  19280002   37.6335  -119.0302     15.770   0.47    0.00    0.00   0.00        804
20121207   9150418   37.6375  -119.0347     14.270   0.45    0.00    0.00   0.00        805
20121227  16220774   37.6167  -119.0702     19.630   0.75    0.00    0.00   0.00        809
20121206  10524396   37.6395  -119.0280      3.980   0.03    0.00    0.00   0.00        810
20121227  20531046   37.6282  -119.0358     15.380   0.55    0.00    0.00   0.00        811
20121208   2552646   37.6337  -119.0292     15.900   0.54    0.00    0.00   0.00        812
20121216   7420640   37.6340  -119.0557     15.600   0.31    0.00    0.00   0.00        815
20121227   8195634   37.6327  -119.0498     17.340   0.67    0.00    0.00   0.00        816
20121216   7462858   37.6385  -119.0583     16.440   0.49    0.00    0.00   0.00        817
20121222   9055272   37.6300  -119.0542      0.910  -0.00    0.00    0.00   0.00        818
20121222   5465586   37.6430  -119.1217      5.220   0.24    0.00    0.00   0.00        819
20121207   9550940   37.6390  -119.0225     13.180   0.41    0.00    0.00   0.00        820
20121229   7351654   37.6320  -119.0877     14.920   0.52    0.00    0.00   0.00        821
20121214  17061040   37.6335  -119.0242     16.780   0.78    0.00    0.00   0.00        822
20121227  11214648   37.6165  -119.0650     18.210   0.67    0.00    0.00   0.00        823
20121215    443472   37.6333  -119.0262     17.020   0.61    0.00    0.00   0.00        824
20121208   1250664   37.6302  -119.0312     16.810   0.60    0.00    0.00   0.00        832
20121227  19354116   37.6082  -119.0840     17.360   0.67    0.00    0.00   0.00        834
20121209  16054980   37.6453  -119.0435      2.720   0.21    0.00    0.00   0.00        836
20121216  10122080   37.6253  -119.0423     17.860   0.64    0.00    0.00   0.00        850
20121208   2342478   37.6335  -119.0330     15.960   0.37    0.00    0.00   0.00        851
20121229  10033506   37.6365  -119.0472      3.120  -0.20    0.00    0.00   0.00        852
20121226   7321854   37.6255  -119.0473     18.460   0.67    0.00    0.00   0.00        853
20121216  19153356   37.6037  -119.0128      2.910   0.31    0.00    0.00   0.00        854
20121227  14493914   37.6077  -119.0725     18.380   0.72    0.00    0.00   0.00        855
20121228   2321634   37.6340  -119.0248      4.600   0.04    0.00    0.00   0.00        859
20121227  10250068   37.6122  -119.0732     19.000   0.73    0.00    0.00   0.00        860
20121208   1031050   37.6307  -119.0335     16.870   0.78    0.00    0.00   0.00        861
20121227  11251776   37.6107  -119.0675     17.560   0.72    0.00    0.00   0.00        862
20121216   8440252   37.6402  -119.0363     19.050   0.73    0.00    0.00   0.00        865
20121228   2131528   37.6133  -119.0682     17.490   0.57    0.00    0.00   0.00        869
20121208   1105864   37.6203  -119.0405     16.340   0.57    0.00    0.00   0.00        870
20121214  13541678   37.6287  -119.0290     17.170   0.65    0.00    0.00   0.00        877
20121207  21154812   37.6310  -119.0325     15.960   0.61    0.00    0.00   0.00        878
20121219  23430756   37.6402  -119.0745     15.620   0.48    0.00    0.00   0.00        879
20121208   3264368   37.6277  -119.0465     18.150   0.50    0.00    0.00   0.00        881
20121219  23382636   37.6258  -119.0423     15.690   0.49    0.00    0.00   0.00        882
20121227  10083630   37.6283  -119.1395      8.620   0.51    0.00    0.00   0.00        883
20121227  12355566   37.6105  -119.0668     17.810   0.74    0.00    0.00   0.00        884
20121228   7221954   37.5990  -119.0598     17.940   0.78    0.00    0.00   0.00        886
20121227  22574640   37.6140  -119.0675     17.730   0.97    0.00    0.00   0.00        888
20121227  10144030   37.6162  -119.0677     19.720   0.88    0.00    0.00   0.00        889
20121221  22590326   37.6060  -119.0130      3.880   0.04    0.00    0.00   0.00        892
20121219   9560898   37.6618  -119.1163     12.800   0.30    0.00    0.00   0.00        895
20121212  18453740   37.6430  -119.0935      3.590   0.52    0.00    0.00   0.00        896
20121228   1390138   37.6300  -119.0353      5.040   0.01    0.00    0.00   0.00        897
20121227  12363580   37.6077  -119.0732     18.830   0.71    0.00    0.00   0.00        898
20121208   2551012   37.6432  -119.0278     16.190   0.44    0.00    0.00   0.00        900
20121227   9355582   37.6112  -119.0630     17.070   0.70    0.00    0.00   0.00        902
20121215  23354368   37.6302  -119.0308     19.260   0.88    0.00    0.00   0.00        906
20121228   2332826   37.6332  -119.0240      4.650  -0.35    0.00    0.00   0.00        911
20121207   9244782   37.6313  -119.0330     14.890   0.25    0.00    0.00   0.00        912
20130110   2144790   37.5972  -119.0190      8.610   0.61    0.00    0.00   0.00        913
20130121   4042224   37.6363  -119.0547      7.600  -0.17    0.00    0.00   0.00        914
20130119  12155942   37.5760  -119.0030      3.880   0.05    0.00    0.00   0.00        916
20130104   8383960   37.5950  -119.0115      3.960   0.11    0.00    0.00   0.00        917
20130122   9231730   37.6388  -119.0532      7.180  -0.16    0.00    0.00   0.00        919
20130129   5060662   37.6315  -119.0303      2.760  -0.11    0.00    0.00   0.00        920
20130119  12485600   37.6115  -119.0087      3.340   0.37    0.00    0.00   0.00        921
20130116   3561714   37.6368  -119.0278     15.350   0.38    0.00    0.00   0.00        922
20130115  16421176   37.6278  -119.0310      6.730   0.32    0.00    0.00   0.00        923
20130120   2524234   37.6302  -119.0252      4.220  -0.27    0.00    0.00   0.00        931
20130107  23000722   37.6322  -119.0210      4.130   0.87    0.00    0.00   0.00        932
20130123   7422004   37.6378  -119.0380      3.280   0.86    0.00    0.00   0.00        933
20130104  10015450   37.6338  -119.0337     14.840   0.77    0.00    0.00   0.00        934
20130121   9240968   37.6390  -119.0530      7.010   0.03    0.00    0.00   0.00        937
20130103  15182846   37.6463  -119.1132     10.680   0.31    0.00    0.00   0.00        940
20130115  16423396   37.6340  -119.0378      4.560   0.87    0.00    0.00   0.00        941
20130104  15540800   37.6328  -119.0233     12.530   0.44    0.00    0.00   0.00        942
20130120   6364076   37.6438  -119.0628     15.350   0.25    0.00    0.00   0.00        943
20130125  15501512   37.6455  -119.0217      2.270  -0.21    0.00    0.00   0.00        944
20130128  23561048   37.5532  -119.0198      5.890   0.17    0.00    0.00   0.00        945
20130128  12344978   37.6252  -119.0222      2.560   0.42    0.00    0.00   0.00        946
20130128  10222218   37.6275  -119.0263      1.960   0.46    0.00    0.00   0.00        949
20130123   7423034   37.6348  -119.0353      3.540   0.87    0.00    0.00   0.00        951
20130129   5104308   37.5933  -119.0588      7.410   0.29    0.00    0.00   0.00        952
20130131  15000458   37.6373  -119.0212      2.440   0.25    0.00    0.00   0.00        978
20130120   8552220   37.6317  -119.0808     16.760   0.55    0.00    0.00   0.00        981
20130123   8310802   37.6273  -119.0383      2.190  -0.26    0.00    0.00   0.00        983
20130130  22555194   37.6282  -119.0255      3.900   0.31    0.00    0.00   0.00        984
20130115    303478   37.6343  -119.0337      4.210   0.73    0.00    0.00   0.00        985
20130118   4005864   37.6258  -119.0368      2.530  -0.35    0.00    0.00   0.00        986
20130125  14483266   37.6412  -119.0410      2.650  -0.40    0.00    0.00   0.00        987
20130120   8573640   37.6545  -119.1273     15.970   0.44    0.00    0.00   0.00        988
20130119   9371308   37.6403  -119.0438     13.950   0.28    0.00    0.00   0.00        989
20130121   9123010   37.6388  -119.0520      7.330  -0.21    0.00    0.00   0.00        990
20130123   7442614   37.6383  -119.0407      2.680   0.80    0.00    0.00   0.00        991
20130131  10553004   37.6503  -119.0683     14.530   0.38    0.00    0.00   0.00        992
20130121   7104890   37.6393  -119.0523      7.430  -0.17    0.00    0.00   0.00        993
20130115    290694   37.6338  -119.0275      4.240   0.33    0.00    0.00   0.00        997
20130108  12013838   37.6302  -119.0408     15.620   0.49    0.00    0.00   0.00        998
20130120   6365050   37.6545  -119.1775     14.920   0.48    0.00    0.00   0.00        999
20130122  15221438   37.6463  -119.0338      2.230  -0.05    0.00    0.00   0.00       1000
20130108  12235808   37.6435  -119.1023     15.740   0.73    0.00    0.00   0.00       1003
20130104  12385084   37.6310  -119.0243     12.780   0.45    0.00    0.00   0.00       1004
20130110  21065476   37.5768  -119.0035      4.400   1.45    0.00    0.00   0.00       1006
20130121   4113176   37.6378  -119.0557      7.300  -0.14    0.00    0.00   0.00       1015
20130117  18264262   37.6470  -119.0278      2.750   0.39    0.00    0.00   0.00       1016
20130120   6360290   37.6225  -119.0413     15.540   0.72    0.00    0.00   0.00       1020
20130117   3324332   37.6310  -119.0317     13.830   0.41    0.00    0.00   0.00       1021
20130116  10211032   37.6312  -119.1275      8.400   0.28    0.00    0.00   0.00       1022
20130122   4002976   37.6467  -119.0677     14.610   0.24    0.00    0.00   0.00       1023
20130129   4491962   37.6190  -119.0187      4.750   0.33    0.00    0.00   0.00       1024
20130101  19221614   37.6452  -119.0185      1.180   0.52    0.00    0.00   0.00       1025
20130128    550660   37.6292  -119.0475     18.150   0.46    0.00    0.00   0.00       1026
20130128  20143248   37.6255  -119.0187      2.400   0.22    0.00    0.00   0.00       1027
20130115  16413776   37.6325  -119.0318      5.090   0.50    0.00    0.00   0.00       1028
20130105  12160574   37.6425  -119.1858      8.430   0.50    0.00    0.00   0.00       1029
20130108   3210248   37.6738  -119.0765     10.350   0.13    0.00    0.00   0.00       1030
20130115    282040   37.6330  -119.0290      5.060   0.58    0.00    0.00   0.00       1031
20130129   4260502   37.6200  -119.0110      3.040  -0.00    0.00    0.00   0.00       1032
20130123   2420180   37.6373  -119.0217      1.130   0.47    0.00    0.00   0.00       1039
20130104  14213542   37.6340  -119.0262     13.060   0.64    0.00    0.00   0.00       1040
20130104  14564686   37.6373  -119.0185     12.040   0.34    0.00    0.00   0.00       1041
20130104   9310324   37.6332  -119.0262     12.780   0.40    0.00    0.00   0.00       1042
20130104   8540106   37.6320  -119.0365     14.090   0.41    0.00    0.00   0.00       1046
20130104  17001320   37.6365  -119.0448     13.830   0.36    0.00    0.00   0.00       1048
20130124   6235534   37.6047  -119.0973      9.860   1.35    0.00    0.00   0.00       1052
20130120  20514162   37.5757  -119.0015      3.280   0.41    0.00    0.00   0.00       1053
20130104  19530230   37.6403  -119.0290     13.940   0.76    0.00    0.00   0.00       1054
20130117   6520562   37.6258  -119.0370     11.530   0.21    0.00    0.00   0.00       1055
20130101   8121936   37.6512  -119.1882      4.150   0.41    0.00    0.00   0.00       1056
20130113   7494120   37.5907  -119.0017      4.170   0.13    0.00    0.00   0.00       1057
20130104  13270942   37.6523  -119.1392     12.930   0.58    0.00    0.00   0.00       1058
20130120   2522302   37.6323  -119.0215      4.270  -0.02    0.00    0.00   0.00       1059
20130101   3322888   37.5833  -119.0280      5.060  -0.03    0.00    0.00   0.00       1060
20130110   4343654   37.6315  -119.0210      4.250   0.46    0.00    0.00   0.00       1061
20130122  15022602   37.6503  -119.0333      1.610   0.35    0.00    0.00   0.00       1062
20130104  15175554   37.6325  -119.0222     12.500   0.47    0.00    0.00   0.00       1070
20130129  11592360   37.6223  -119.0202      3.380   0.35    0.00    0.00   0.00       1071
20130119   4200462   37.6187  -119.0065      3.880   0.35    0.00    0.00   0.00       1072
20130121   3450656   37.6388  -119.0532      7.510  -0.12    0.00    0.00   0.00       1075
20130108   8534054   37.6608  -119.0525     15.730   0.50    0.00    0.00   0.00       1076
20130104  15521396   37.6322  -119.0312     12.640   0.50    0.00    0.00   0.00       1077
20130106  20595486   37.5908  -119.0000      3.660  -0.02    0.00    0.00   0.00       1078
20130110   2080208   37.5923  -119.0230      9.200   0.58    0.00    0.00   0.00       1080
20130117  12464142   37.6357  -119.0605      3.750  -0.10    0.00    0.00   0.00       1081
20130107   9583314   37.5822  -119.0112      4.500   0.20    0.00    0.00   0.00       1082
20130103  11014216   37.6205  -119.0235      3.140   0.04    0.00    0.00   0.00       1083
20130130   9342538   37.6433  -119.0293     10.070  -0.05    0.00    0.00   0.00       1084
20130123   2412750   37.6302  -119.0273      0.780   0.79    0.00    0.00   0.00       1085
20130115  16474096   37.6352  -119.0328      4.080  -0.33    0.00    0.00   0.00       1086
20130118  21325476   37.6188  -119.0453     16.970   0.61    0.00    0.00   0.00       1087
20130115  16480188   37.6380  -119.0270      3.100   0.23    0.00    0.00   0.00       1088
20130121   3493826   37.6383  -119.0542      7.420  -0.18    0.00    0.00   0.00       1089
20130127   2440730   37.6475  -119.0898     15.360   0.75    0.00    0.00   0.00       1092
20130127  21002012   37.5897  -119.0030      4.480  -0.18    0.00    0.00   0.00       1094
20130116  13420440   37.5970  -119.0013      4.580   0.03    0.00    0.00   0.00       1096
20130109  10255844   37.6323  -119.0295      5.050   0.20    0.00    0.00   0.00       1097
20130104  15315216   37.6263  -119.0342     13.450   0.41    0.00    0.00   0.00       1098
20130128   9331200   37.6288  -119.0322      1.970  -0.15    0.00    0.00   0.00       1099
20130119  10480460   37.6442  -119.0670     14.890   0.31    0.00    0.00   0.00       1100
20130117  12451936   37.6357  -119.0608      3.540  -0.09    0.00    0.00   0.00       1101
20130114  13363426   37.5778  -119.0022      4.140   0.78    0.00    0.00   0.00       1102
20130110   2053488   37.5977  -119.0183      8.490   0.42    0.00    0.00   0.00       1103
20130120   6391394   37.6332  -119.0383     15.880   0.43    0.00    0.00   0.00       1104
20130125  21560306   37.6003  -119.0153      3.680   0.37    0.00    0.00   0.00       1105
20130130  14065410   37.6332  -119.0342      4.200   0.12    0.00    0.00   0.00       1107
20130125  15371572   37.6428  -119.0205      1.920  -0.07    0.00    0.00   0.00       1109
20130129   5403616   37.6270  -119.0145      2.650  -0.04    0.00    0.00   0.00       1112
20130129   4040752   37.6262  -119.0157      2.620  -0.07    0.00    0.00   0.00       1115
20130128  19532552   37.6265  -119.0162      2.110   0.43    0.00    0.00   0.00       1124
20130123   8004026   37.5995  -119.0065      3.170   0.51    0.00    0.00   0.00       1125
20130105   2362686   37.6520  -119.0473      2.030  -0.05    0.00    0.00   0.00       1126
20130128  23332416   37.5510  -119.0238      6.160   0.48    0.00    0.00   0.00       1127
20130106  16331364   37.5938  -119.0100      4.610   0.27    0.00    0.00   0.00       1130
20130129   7460064   37.6265  -119.0160      1.940   0.26    0.00    0.00   0.00       1131
20130123  20075986   37.6318  -119.0392      4.300   0.56    0.00    0.00   0.00       1133
20130123   2404538   37.6287  -119.0273      0.690   0.20    0.00    0.00   0.00       1134
20130111  19220384   37.6392  -119.0688     14.930   0.55    0.00    0.00   0.00       1135
20130116  10192110   37.6347  -119.0423      4.750   0.73    0.00    0.00   0.00       1136
20130123   7420834   37.6362  -119.0348      3.670   0.09    0.00    0.00   0.00       1137
20130128  13341164   37.6232  -119.0227      2.690   0.03    0.00    0.00   0.00       1138
20130115    274504   37.6310  -119.0345      5.590   0.60    0.00    0.00   0.00       1140
20130116  14384918   37.6357  -119.0517      4.290  -0.02    0.00    0.00   0.00       1142
20130128  14521996   37.6418  -119.0992     13.750   0.21    0.00    0.00   0.00       1143
20130122  15023816   37.6472  -119.0307      2.150  -0.04    0.00    0.00   0.00       1144
20130116  10191222   37.6362  -119.0417      4.590   0.33    0.00    0.00   0.00       1145
20130123   7395016   37.6358  -119.0298      2.020   0.19    0.00    0.00   0.00       1146
20130104  12164538   37.6323  -119.0265     12.860   0.53    0.00    0.00   0.00       1151
20130121   9122110   37.6360  -119.0533      7.300  -0.18    0.00    0.00   0.00       1152
20130129   7490452   37.5728  -119.0087      5.030   0.47    0.00    0.00   0.00       1153
20130123   7424330   37.6350  -119.0355      4.120   0.87    0.00    0.00   0.00       1155
20130129   6424998   37.6240  -119.0183      2.880  -0.08    0.00    0.00   0.00       1156
20130112  20181014   37.6303  -119.0187     13.040   0.29    0.00    0.00   0.00       1159
20130125  17082502   37.5867  -119.0098      2.910   0.39    0.00    0.00   0.00       1160
20130130  14042284   37.6303  -119.0285      5.520   0.40    0.00    0.00   0.00       1162
20130125  21503290   37.6345  -119.0495     14.060   0.42    0.00    0.00   0.00       1165
20130108  11521364   37.6488  -119.0557      2.270  -0.20    0.00    0.00   0.00       1166
20130117   6522050   37.6123  -119.0132     13.270   0.39    0.00    0.00   0.00       1167
20130117  11172514   37.6518  -119.1135     11.050   0.39    0.00    0.00   0.00       1168
20130104  15572506   37.6323  -119.0277     13.270   0.41    0.00    0.00   0.00       1174
20130129   7145078   37.6225  -119.0222      3.400   1.48    0.00    0.00   0.00       1175
20130122  15133832   37.6477  -119.0302      1.910  -0.05    0.00    0.00   0.00       1178
20130103  18415896   37.6333  -119.0883     16.300   0.38    0.00    0.00   0.00       1183
20130123   7430324   37.6362  -119.0338      3.790   0.26    0.00    0.00   0.00       1184
20130117   7060600   37.6323  -119.0402     11.440   0.33    0.00    0.00   0.00       1186
20130129   7171210   37.6258  -119.0178      2.560   0.15    0.00    0.00   0.00       1187
20130117  18191310   37.6462  -119.0290      2.890   0.30    0.00    0.00   0.00       1189
20130128   3433010   37.6245  -119.0137      2.500   0.14    0.00    0.00   0.00       1191
20130119  20332774   37.6342  -119.0287      5.490   0.27    0.00    0.00   0.00       1197
20130102  13440760   37.6328  -119.0327      2.700   0.64    0.00    0.00   0.00       1198
