2021  8  4 12 20 23.660  52.06680 -176.05630   6.570    0.00  0.000  0.000  0.000   1
2021  7 31  1  7 44.700  52.08700 -175.98230   8.280    0.00  0.000  0.000  0.000   2
2021  7 31  3 18 17.720  52.07780 -176.10450   6.250    0.00  0.000  0.000  0.000   3
2021  7 31 21 17 45.060  52.07780 -176.10450   6.250    0.00  0.000  0.000  0.000   4
2021  7 31  3 19 56.380  52.07780 -176.10450   6.250    0.00  0.000  0.000  0.000   5
2021  8  5 22 17 27.380  51.90280 -176.04880   7.680    0.00  0.000  0.000  0.000   6
2021  8  5 19 28 36.100  51.90280 -176.04880   7.680    0.00  0.000  0.000  0.000   7
2021  8  1  0 16 53.600  52.11670 -176.02150   3.810    0.00  0.000  0.000  0.000   8
2021  8  1  0 17 35.440  52.11670 -176.02150   3.810    0.00  0.000  0.000  0.000   9
2021  7 31 19 58 17.120  52.11670 -176.02150   3.810    0.00  0.000  0.000  0.000  10
2021  8  4 18 39 35.960  52.00880 -176.08150   3.220    0.00  0.000  0.000  0.000  11
2021  8  4 20 43 32.320  52.03880 -176.07820   8.130    0.00  0.000  0.000  0.000  12
2021  8  4 20 48 54.240  52.02300 -176.07070   5.360    0.00  0.000  0.000  0.000  13
2021  8  4 20 41 45.260  52.01100 -176.07870   6.180    0.00  0.000  0.000  0.000  14
2021  7 31 18 10 57.620  52.05330 -176.08350  11.230    0.00  0.000  0.000  0.000  15
2021  8  6  1 58 57.960  52.06820 -176.07300  17.960    0.00  0.000  0.000  0.000  16
2021  8  5 21 44 52.920  52.06820 -176.07300  17.960    0.00  0.000  0.000  0.000  17
2021  8  5 17 44 19.120  52.06820 -176.07300  17.960    0.00  0.000  0.000  0.000  18
2021  8  5 19 31 13.760  52.06820 -176.07300  17.960    0.00  0.000  0.000  0.000  19
2021  8  5 23  9 50.160  52.06820 -176.07300  17.960    0.00  0.000  0.000  0.000  20
2021  7 31 20 46 39.660  52.06580 -176.05070  11.280    0.00  0.000  0.000  0.000  21
2021  7 31  9 43 30.620  52.06580 -176.05070  11.280    0.00  0.000  0.000  0.000  22
2021  7 31  9 40 52.380  52.06580 -176.05070  11.280    0.00  0.000  0.000  0.000  23
2021  7 31 10 14 41.540  52.06580 -176.05070  11.280    0.00  0.000  0.000  0.000  24
2021  7 31 11 33 49.180  52.06580 -176.05070  11.280    0.00  0.000  0.000  0.000  25
2021  8  3 12 53  5.140  52.03080 -176.08370   8.300    0.00  0.000  0.000  0.000  26
2021  8  5  6 38 56.600  52.03080 -176.08370   8.300    0.00  0.000  0.000  0.000  27
2021  7 31  8 47 45.380  52.05400 -175.98850   4.660    0.00  0.000  0.000  0.000  28
2021  7 31  6 58 26.920  52.06980 -176.11920   8.960    0.00  0.000  0.000  0.000  29
2021  8  3 19 23 44.100  52.08670 -176.04220   4.890    0.00  0.000  0.000  0.000  30
2021  8  8  9 22  0.040  52.08670 -176.04220   4.890    0.00  0.000  0.000  0.000  31
2021  8  6  8 27 58.620  52.10370 -176.00200  -1.780    0.00  0.000  0.000  0.000  32
2021  8  5 15 42 53.860  52.10220 -176.08550  18.080    0.00  0.000  0.000  0.000  33
2021  7 31  1 57 39.480  52.07180 -176.10280  11.810    0.00  0.000  0.000  0.000  34
2021  8  4 17 12  2.480  52.04230 -176.07970   9.380    0.00  0.000  0.000  0.000  35
2021  7 31  9 41 57.220  52.06880 -176.02330   9.530    0.00  0.000  0.000  0.000  36
2021  7 31 19 46 48.620  52.11950 -176.00820   3.730    0.00  0.000  0.000  0.000  37
2021  8  1  0 25 45.000  52.11950 -176.00820   3.730    0.00  0.000  0.000  0.000  38
2021  7 31 20 10 25.020  52.11950 -176.00820   3.730    0.00  0.000  0.000  0.000  39
2021  7 31 19 38 35.760  52.11950 -176.00820   3.730    0.00  0.000  0.000  0.000  40
2021  7 31 19 14 33.100  52.11950 -176.00820   3.730    0.00  0.000  0.000  0.000  41
2021  7 31 19 16 49.160  52.11950 -176.00820   3.730    0.00  0.000  0.000  0.000  42
2021  7 31 19 12 45.040  52.11950 -176.00820   3.730    0.00  0.000  0.000  0.000  43
2021  7 31 18 24 31.440  52.11950 -176.00820   3.730    0.00  0.000  0.000  0.000  44
2021  7 31 21 43 46.760  52.11950 -176.00820   3.730    0.00  0.000  0.000  0.000  45
2021  7 31 20 11 14.600  52.11950 -176.00820   3.730    0.00  0.000  0.000  0.000  46
2021  7 31 20 10 47.040  52.11950 -176.00820   3.730    0.00  0.000  0.000  0.000  47
2021  7 31 18 25 44.480  52.11950 -176.00820   3.730    0.00  0.000  0.000  0.000  48
2021  7 31 19 37 23.200  52.11950 -176.00820   3.730    0.00  0.000  0.000  0.000  49
2021  8  5 11 17 12.820  52.10850 -176.21470   9.100    0.00  0.000  0.000  0.000  50
2021  8  5 13 49 50.940  52.11000 -175.98730   5.000    0.00  0.000  0.000  0.000  51
2021  8  7 18  7  0.120  52.03700 -175.97250  -0.640    0.00  0.000  0.000  0.000  52
2021  8  4 13 18 38.180  52.03350 -176.08030   8.360    0.00  0.000  0.000  0.000  53
2021  8  4 12  5 52.740  52.03350 -176.08030   8.360    0.00  0.000  0.000  0.000  54
2021  8  4 14 39 14.720  52.03350 -176.08030   8.360    0.00  0.000  0.000  0.000  55
2021  8  4 11 19  2.140  52.05750 -176.08220   9.970    0.00  0.000  0.000  0.000  56
2021  8  4 14 53 46.180  52.07150 -176.05500   6.560    0.00  0.000  0.000  0.000  57
2021  7 31 19 14 55.060  52.12330 -176.01550   4.280    0.00  0.000  0.000  0.000  58
2021  7 31 18  6  9.840  52.12330 -176.01550   4.280    0.00  0.000  0.000  0.000  59
2021  7 31 18 47 34.240  52.12330 -176.01550   4.280    0.00  0.000  0.000  0.000  60
2021  8  1  0 16 42.020  52.12330 -176.01550   4.280    0.00  0.000  0.000  0.000  61
2021  7 31 20 41 36.660  52.12330 -176.01550   4.280    0.00  0.000  0.000  0.000  62
2021  7 31 18 57  3.900  52.12330 -176.01550   4.280    0.00  0.000  0.000  0.000  63
2021  7 31 23 50 52.080  52.12330 -176.01550   4.280    0.00  0.000  0.000  0.000  64
2021  7 31 23 49 37.400  52.12330 -176.01550   4.280    0.00  0.000  0.000  0.000  65
2021  8  1  3 52 57.880  52.12330 -176.01550   4.280    0.00  0.000  0.000  0.000  66
2021  7 31 18 42 20.500  52.12330 -176.01550   4.280    0.00  0.000  0.000  0.000  67
2021  7 31 23 48 53.200  52.12330 -176.01550   4.280    0.00  0.000  0.000  0.000  68
2021  8  3 16 43 43.240  52.12330 -176.01550   4.280    0.00  0.000  0.000  0.000  69
2021  7 31 19 47 59.080  52.12330 -176.01550   4.280    0.00  0.000  0.000  0.000  70
2021  7 31 19 14 23.860  52.12330 -176.01550   4.280    0.00  0.000  0.000  0.000  71
2021  7 31 18 32 10.540  52.12330 -176.01550   4.280    0.00  0.000  0.000  0.000  72
2021  8  1  0 18 22.780  52.12330 -176.01550   4.280    0.00  0.000  0.000  0.000  73
2021  7 31 23 48 21.300  52.12330 -176.01550   4.280    0.00  0.000  0.000  0.000  74
2021  7 31 19 15 57.080  52.12330 -176.01550   4.280    0.00  0.000  0.000  0.000  75
2021  8  1  3 53 37.440  52.12330 -176.01550   4.280    0.00  0.000  0.000  0.000  76
2021  7 31 21  5 55.300  52.12330 -176.01550   4.280    0.00  0.000  0.000  0.000  77
2021  7 31 18 20 43.540  52.12330 -176.01550   4.280    0.00  0.000  0.000  0.000  78
2021  7 31 19 22 38.580  52.12330 -176.01550   4.280    0.00  0.000  0.000  0.000  79
2021  7 31 18 27 28.760  52.12330 -176.01550   4.280    0.00  0.000  0.000  0.000  80
2021  7 31 18 10 17.380  52.12330 -176.01550   4.280    0.00  0.000  0.000  0.000  81
2021  7 31 19 35  2.420  52.12330 -176.01550   4.280    0.00  0.000  0.000  0.000  82
2021  7 31 18 49 35.200  52.12330 -176.01550   4.280    0.00  0.000  0.000  0.000  83
2021  8  1  0 23 17.160  52.12330 -176.01550   4.280    0.00  0.000  0.000  0.000  84
2021  7 31 18 25 17.880  52.12330 -176.01550   4.280    0.00  0.000  0.000  0.000  85
2021  7 31  9 43 39.120  52.10470 -176.02080   4.850    0.00  0.000  0.000  0.000  86
2021  8  1  4 41 42.400  52.07320 -176.05250   9.790    0.00  0.000  0.000  0.000  87
2021  7 31 19 57 29.400  52.07320 -176.05250   9.790    0.00  0.000  0.000  0.000  88
2021  8  6 10 57 45.300  52.05700 -176.05670   8.780    0.00  0.000  0.000  0.000  89
2021  8  2 12 11 15.240  52.09070 -176.13350   4.640    0.00  0.000  0.000  0.000  90
2021  7 31  8 51 54.240  52.10820 -176.09200  10.930    0.00  0.000  0.000  0.000  91
2021  8  4 21  1 55.220  52.02550 -176.08070   3.470    0.00  0.000  0.000  0.000  92
2021  8  2 13  0 41.640  52.01520 -176.07630   4.440    0.00  0.000  0.000  0.000  93
2021  8  2  6  4  3.800  52.06530 -176.05550  10.370    0.00  0.000  0.000  0.000  94
2021  8  1 13 27 33.200  52.00430 -176.08830   7.210    0.00  0.000  0.000  0.000  95
2021  8  2 11 31 51.260  52.08850 -176.13870   3.510    0.00  0.000  0.000  0.000  96
2021  8  3 19 36 23.100  52.08500 -176.05220   3.580    0.00  0.000  0.000  0.000  97
2021  7 31  8 17 44.640  52.05080 -176.08070   9.190    0.00  0.000  0.000  0.000  98
2021  7 31  9 41 25.400  52.07280 -176.04520   9.100    0.00  0.000  0.000  0.000  99
2021  7 31  9 38 30.300  52.07280 -176.04520   9.100    0.00  0.000  0.000  0.000 100
2021  8  2 23 47  8.800  52.08720 -176.04600   3.260    0.00  0.000  0.000  0.000 101
2021  8  5 14 40 54.120  52.08720 -176.04600   3.260    0.00  0.000  0.000  0.000 102
2021  8  1  9  9 47.740  52.08720 -176.04600   3.260    0.00  0.000  0.000  0.000 103
2021  8  4  9 53 25.160  52.06020 -176.09530   9.230    0.00  0.000  0.000  0.000 104
2021  8  7 17 58  4.720  52.05480 -176.03770   1.210    0.00  0.000  0.000  0.000 105
2021  8  7 18 44 15.660  52.05480 -176.03770   1.210    0.00  0.000  0.000  0.000 106
2021  8  5  7 50  9.760  52.05480 -176.03770   1.210    0.00  0.000  0.000  0.000 107
2021  8  5 18 30 47.380  52.05480 -176.03770   1.210    0.00  0.000  0.000  0.000 108
2021  8  7 16 13 16.900  52.05480 -176.03770   1.210    0.00  0.000  0.000  0.000 109
2021  8  1  2 11 23.500  52.05220 -175.99450   3.830    0.00  0.000  0.000  0.000 110
2021  7 31  0 55  7.360  52.02120 -176.08720   8.360    0.00  0.000  0.000  0.000 111
2021  7 31  8  4 12.180  51.99980 -176.09730   9.030    0.00  0.000  0.000  0.000 112
2021  7 31  3 19 18.640  52.07770 -176.10400   6.530    0.00  0.000  0.000  0.000 113
2021  8  2  4 34 50.340  52.02750 -176.06420   8.700    0.00  0.000  0.000  0.000 114
2021  7 31 16 42 34.040  52.07280 -176.04900   8.520    0.00  0.000  0.000  0.000 115
2021  8  1 11 39  6.260  52.06120 -176.04450  10.700    0.00  0.000  0.000  0.000 116
2021  8  4 13 46 37.680  52.09770 -176.17170   4.100    0.00  0.000  0.000  0.000 117
2021  7 31  8 43 47.640  52.11130 -175.96530  11.720    0.00  0.000  0.000  0.000 118
2021  7 31  3 24  1.120  52.08550 -176.06700   6.450    0.00  0.000  0.000  0.000 119
2021  7 31  9  7 14.740  52.05100 -176.08420   8.550    0.00  0.000  0.000  0.000 120
2021  7 31  8 18 51.400  52.05100 -176.08420   8.550    0.00  0.000  0.000  0.000 121
2021  8  1  5 24 42.100  52.12150 -176.00930   3.780    0.00  0.000  0.000  0.000 122
2021  8  7  6 20 27.180  52.06020 -176.02930   0.860    0.00  0.000  0.000  0.000 123
2021  8  7  4  2 45.500  52.06020 -176.02930   0.860    0.00  0.000  0.000  0.000 124
2021  8  1  0 12 18.440  51.99500 -176.03680   9.420    0.00  0.000  0.000  0.000 125
2021  7 31  1 41 36.460  52.04300 -176.08280   6.470    0.00  0.000  0.000  0.000 126
2021  8  3  6 18 25.620  52.05270 -176.08230   7.520    0.00  0.000  0.000  0.000 127
2021  7 31  1 49 12.100  52.05270 -176.08230   7.520    0.00  0.000  0.000  0.000 128
2021  8  5 17 36 27.120  52.02470 -176.08330   6.240    0.00  0.000  0.000  0.000 129
2021  7 31 16 45 27.560  52.07070 -176.04870   8.620    0.00  0.000  0.000  0.000 130
2021  8  1  1 42 12.260  52.00520 -176.07130  -1.800    0.00  0.000  0.000  0.000 131
2021  8  1 22  0 33.120  52.05130 -176.00700   2.260    0.00  0.000  0.000  0.000 132
