  0.0 3.50 0.0
  0.2 3.50 0.0
  0.2 3.88 0.0
  0.4 3.88 0.0
  0.4 4.25 0.0
  0.6 4.25 0.0
  0.6 4.62 0.0
  0.8 4.62 0.0
  0.8 5.00 0.0
  1.0 5.00 0.0
  1.0 5.50 0.0
  2.0 5.50 0.0
  2.0 5.62 0.0
  3.0 5.62 0.0
  3.0 5.74 0.0
  4.0 5.74 0.0
  4.0 5.86 0.0
  5.0 5.86 0.0
  5.0 5.98 0.0
  6.0 5.98 0.0
  6.0 6.10 0.0
  7.0 6.10 0.0
  7.0 6.60 0.0
  8.0 6.60 0.0
  8.0 6.64 0.0
  9.0 6.64 0.0
  9.0 6.68 0.0
 10.0 6.68 0.0
 10.0 6.72 0.0
 11.0 6.72 0.0
 11.0 6.76 0.0
 12.0 6.76 0.0
 12.0 6.80 0.0
 13.0 6.80 0.0
 13.0 6.84 0.0
 14.0 6.84 0.0
 14.0 6.88 0.0
 15.0 6.88 0.0
 15.0 6.92 0.0
 16.0 6.92 0.0
 16.0 6.96 0.0
 17.0 6.96 0.0
 17.0 7.00 0.0
 18.0 7.00 0.0
 18.0 7.04 0.0
 19.0 7.04 0.0
 19.0 7.08 0.0
 20.0 7.08 0.0
 20.0 7.12 0.0
 21.0 7.12 0.0
 21.0 7.16 0.0
 22.0 7.16 0.0
 22.0 7.20 0.0
 23.0 7.20 0.0
 23.0 7.24 0.0
 24.0 7.24 0.0
 24.0 7.28 0.0
 25.0 7.28 0.0
 25.0 7.32 0.0
 26.0 7.32 0.0
 26.0 7.85 0.0
 40.0 7.85 0.0
 40.0 8.05 0.0
 45.0 8.05 0.0
 45.0 8.06 0.0
 50.0 8.06 0.0
 50.0 8.06 0.0
 55.0 8.06 0.0
 55.0 8.07 0.0
 60.0 8.07 0.0
 60.0 8.08 0.0
 65.0 8.08 0.0
 65.0 8.08 0.0
 70.0 8.08 0.0
 70.0 8.09 0.0
 75.0 8.09 0.0
 75.0 8.09 0.0
 80.0 8.09 0.0
 80.0 8.10 0.0
 85.0 8.10 0.0
 85.0 8.10 0.0
 90.0 8.10 0.0
 90.0 8.11 0.0
100.0 8.11 0.0
100.0 8.12 0.0
105.0 8.12 0.0
105.0 8.12 0.0
110.0 8.12 0.0
110.0 8.13 0.0
115.0 8.13 0.0
115.0 8.14 0.0
120.0 8.14 0.0
120.0 8.14 0.0
125.0 8.14 0.0
125.0 8.15 0.0
130.0 8.15 0.0
130.0 8.16 0.0
135.0 8.16 0.0
135.0 8.17 0.0
140.0 8.17 0.0
140.0 8.18 0.0
145.0 8.18 0.0
145.0 8.19 0.0
150.0 8.19 0.0
150.0 8.20 0.0
155.0 8.20 0.0
155.0 8.21 0.0
160.0 8.21 0.0
160.0 8.22 0.0
165.0 8.22 0.0
165.0 8.23 0.0
170.0 8.23 0.0
170.0 8.25 0.0
175.0 8.25 0.0
175.0 8.26 0.0
180.0 8.26 0.0
180.0 8.27 0.0
185.0 8.27 0.0
185.0 8.28 0.0
190.0 8.28 0.0
190.0 8.30 0.0
195.0 8.30 0.0
195.0 8.31 0.0
200.0 8.31 0.0
200.0 8.33 0.0
205.0 8.33 0.0
205.0 8.34 0.0
210.0 8.34 0.0
210.0 8.36 0.0
215.0 8.36 0.0
215.0 8.37 0.0
220.0 8.37 0.0
220.0 8.39 0.0
225.0 8.39 0.0
225.0 8.40 0.0
230.0 8.40 0.0
230.0 8.42 0.0
235.0 8.42 0.0
235.0 8.44 0.0
240.0 8.44 0.0
240.0 8.45 0.0
245.0 8.45 0.0
245.0 8.47 0.0
250.0 8.47 0.0
250.0 8.49 0.0
255.0 8.49 0.0
255.0 8.50 0.0
260.0 8.50 0.0
260.0 8.52 0.0
265.0 8.52 0.0
265.0 8.54 0.0
270.0 8.54 0.0
270.0 8.56 0.0
275.0 8.56 0.0
275.0 8.58 0.0
280.0 8.58 0.0
280.0 8.60 0.0
285.0 8.60 0.0
285.0 8.62 0.0
290.0 8.62 0.0
290.0 8.64 0.0
295.0 8.64 0.0
295.0 8.66 0.0
300.0 8.66 0.0
300.0 8.68 0.0