0.0 3.50
0.2 3.88
0.4 4.25
0.6 4.62
0.8 5.00
1.0 5.50
2.0 5.62
3.0 5.74
4.0 5.86
5.0 5.98
6.0 6.10
7.0 6.60
8.0 6.64
9.0 6.68
10.0 6.72
11.0 6.76
12.0 6.80
13.0 6.84
14.0 6.88
15.0 6.92
16.0 6.96
17.0 7.00
18.0 7.04
19.0 7.08
20.0 7.12
21.0 7.16
22.0 7.20
23.0 7.24
24.0 7.28
25.0 7.32
26.0 7.85
40.0 8.05
45.0 8.06
50.0 8.06
55.0 8.07
60.0 8.08
65.0 8.08
70.0 8.09
75.0 8.09
80.0 8.10
85.0 8.10
90.0 8.11
100.0 8.12
105.0 8.12
110.0 8.13
115.0 8.14
120.0 8.14
125.0 8.15
130.0 8.16
135.0 8.17
140.0 8.18
145.0 8.19
150.0 8.20
155.0 8.21
160.0 8.22
165.0 8.23
170.0 8.25
175.0 8.26
180.0 8.27
185.0 8.28
190.0 8.30
195.0 8.31
200.0 8.33
205.0 8.34
210.0 8.36
215.0 8.37
220.0 8.39
225.0 8.40
230.0 8.42
235.0 8.44
240.0 8.45
245.0 8.47
250.0 8.49
255.0 8.50
260.0 8.52
265.0 8.54
270.0 8.56
275.0 8.58
280.0 8.60
285.0 8.62
290.0 8.64
295.0 8.66
300.0 8.68